438 -8192 257 -2 -20 -2
447 -8192 247 -2 -20 -1
468 -8193 250 -2 -19 -1
497 -8189 262 -2 -16 -1
520 -8189 281 -2 -13 -1
531 -8189 300 -2 -8 -1
521 -8191 310 -3 -4 -1
471 -8191 321 -3 0 -2
391 -8195 317 -3 4 -2
261 -8198 300 -3 9 -2
141 -8203 285 -3 15 -1
54 -8205 263 -3 22 -1
67 -8206 273 -4 23 -1
32 -8199 238 -4 23 -1
108 -8196 241 -3 21 -1
173 -8191 218 -3 22 -1
193 -8185 165 -3 22 -1
273 -8188 116 -3 22 -2
317 -8186 16 -3 23 -1
402 -8188 -39 -3 19 -1
500 -8188 -167 -2 14 -1
581 -8194 -179 -3 7 -1
670 -8198 -176 -3 0 -1
675 -8193 -144 -3 -2 -2
650 -8193 1 -3 -2 -2
607 -8189 99 -3 0 -2
549 -8187 218 -3 -1 -2
478 -8191 300 -3 -6 -2
380 -8192 284 -3 -7 -2
318 -8196 262 -3 -4 -1
305 -8197 173 -3 -1 -1
314 -8200 96 -3 0 -2
328 -8198 12 -3 0 -2
349 -8195 -55 -3 1 -2
381 -8193 -80 -3 0 -2
399 -8190 -128 -3 -3 -2
398 -8190 -138 -3 -8 -2
376 -8192 -159 -3 -10 -2
342 -8194 -189 -2 -11 -2
307 -8196 -201 -2 -11 -2
279 -8197 -240 -2 -9 -2
262 -8197 -256 -2 -8 -2
247 -8198 -266 -2 -8 -2
230 -8197 -285 -2 -8 -3
215 -8191 -281 -2 -7 -3
208 -8189 -275 -2 -6 -3
212 -8187 -265 -2 -6 -3
223 -8187 -254 -2 -7 -3
237 -8187 -248 -2 -10 -3
250 -8190 -237 -2 -14 -3
249 -8191 -235 -1 -19 -3
233 -8191 -224 -1 -21 -4
220 -8191 -217 -1 -23 -4
209 -8188 -207 -1 -24 -4
203 -8191 -190 -1 -26 -4
200 -8190 -172 -1 -28 -4
204 -8190 -138 -1 -27 -4
216 -8191 -106 -1 -26 -4
244 -8192 -64 -1 -23 -4
273 -8191 -16 -1 -22 -4
292 -8194 17 -1 -21 -5
302 -8194 44 -1 -22 -5
297 -8194 61 -1 -22 -5
294 -8194 69 -1 -21 -4
299 -8191 77 -2 -19 -4
319 -8190 92 -2 -14 -4
362 -8187 111 -2 -9 -4
428 -8184 136 -2 -5 -4
512 -8182 160 -2 -3 -4
597 -8183 175 -2 -3 -4
675 -8182 179 -2 -5 -4
741 -8179 173 -2 -6 -4
796 -8177 159 -2 -7 -4
843 -8176 146 -2 -7 -4
880 -8175 137 -2 -6 -3
906 -8176 139 -3 -6 -3
927 -8177 147 -3 -5 -3
944 -8176 159 -3 -4 -3
963 -8174 168 -3 -3 -3
985 -8173 175 -3 -3 -3
1003 -8172 176 -3 -2 -2
1020 -8172 167 -3 -2 -2
1028 -8171 163 -3 -2 -2
1022 -8172 151 -3 -1 -2
1007 -8174 143 -3 0 -2
989 -8174 150 -3 1 -2
970 -8176 156 -3 2 -2
953 -8179 168 -3 3 -2
937 -8178 188 -3 3 -2
923 -8178 199 -3 4 -1
909 -8178 212 -3 4 -1
898 -8177 211 -3 4 -1
878 -8179 196 -4 3 -2
854 -8182 175 -3 2 -2
831 -8183 147 -3 0 -1
804 -8180 114 -3 -1 -1
772 -8178 77 -4 -2 -1
739 -8178 56 -4 -2 -1
711 -8178 43 -4 -2 -2
689 -8181 40 -4 -3 -2
667 -8182 50 -4 -3 -2
644 -8181 59 -4 -3 -2
625 -8179 74 -4 -2 -1
612 -8180 94 -4 0 -1
599 -8180 112 -4 2 -1
587 -8179 125 -4 4 -2
579 -8176 127 -4 6 -2
569 -8175 112 -4 7 -2
560 -8175 78 -4 8 -2
554 -8176 36 -4 9 -2
558 -8178 -13 -4 10 -1
576 -8177 -56 -4 11 -1
608 -8177 -97 -4 11 -1
648 -8178 -131 -4 10 -1
693 -8175 -159 -4 9 -1
732 -8172 -183 -4 9 -1
762 -8172 -201 -4 9 -1
788 -8171 -211 -4 10 -1
810 -8170 -228 -3 11 -1
827 -8169 -241 -3 13 -1
847 -8171 -253 -3 13 -1
858 -8170 -269 -3 13 -1
864 -8172 -274 -3 13 -1
862 -8174 -275 -3 14 -1
851 -8171 -268 -3 16 -1
838 -8173 -248 -3 17 -1
824 -8173 -226 -3 19 -1
804 -8174 -207 -3 19 -1
780 -8172 -190 -3 19 -1
759 -8175 -174 -3 19 0
747 -8179 -167 -3 18 0
746 -8179 -168 -3 16 0
751 -8179 -177 -3 14 0
762 -8180 -192 -3 12 0
773 -8181 -199 -3 10 0
775 -8180 -202 -3 9 0
768 -8180 -199 -3 8 -1
752 -8181 -189 -3 8 -1
724 -8182 -182 -3 7 -1
691 -8182 -175 -2 5 -1
654 -8179 -176 -2 4 -1
624 -8179 -183 -2 2 -1
600 -8181 -194 -2 0 -1
586 -8183 -201 -2 0 -1
577 -8183 -207 -2 0 -1
577 -8182 -210 -2 0 -1
589 -8183 -201 -2 -1 -1
585 -8182 -204 -2 -3 -1
569 -8179 -189 -2 -3 -1
560 -8179 -172 -2 -2 -1
562 -8177 -150 -2 0 -1
569 -8179 -142 -2 0 -1
580 -8173 -142 -2 0 -1
598 -8173 -166 -2 -1 -1
621 -8174 -218 -2 -2 -1
645 -8173 -276 -1 -3 -1
666 -8178 -340 -1 -5 -1
685 -8180 -390 -1 -6 -1
708 -8179 -422 -1 -7 -1
741 -8178 -434 -1 -8 -1
777 -8177 -428 -1 -10 -1
814 -8174 -400 -1 -14 -1
851 -8171 -365 -1 -18 -1
890 -8171 -326 0 -23 -1
912 -8173 -281 0 -28 -1
900 -8173 -250 0 -33 -1
867 -8172 -234 0 -35 -1
814 -8175 -225 0 -34 -1
751 -8178 -225 0 -33 -1
695 -8183 -222 0 -32 -1
651 -8188 -212 0 -31 -1
626 -8191 -197 0 -30 -1
614 -8192 -169 0 -29 -1
614 -8190 -126 0 -27 -1
628 -8190 -83 0 -26 -1
643 -8191 -43 0 -24 -1
657 -8189 -17 0 -22 -1
667 -8188 4 0 -21 -1
669 -8186 11 0 -20 -1
664 -8185 7 -1 -19 -1
654 -8186 -1 -1 -17 -1
644 -8186 -15 -1 -15 -1
638 -8186 -27 -1 -12 -1
635 -8187 -28 -1 -8 -1
645 -8184 -12 -1 -5 -1
663 -8184 25 -1 -1 -1
692 -8183 81 -1 1 -1
727 -8180 154 -2 3 -1
763 -8178 233 -2 4 -1
802 -8177 307 -2 4 -1
837 -8178 360 -2 4 -1
857 -8177 386 -2 4 0
861 -8177 385 -2 5 0
853 -8178 363 -2 7 0
837 -8180 322 -2 11 0
824 -8181 274 -2 14 0
825 -8179 220 -2 17 0
837 -8179 165 -3 19 0
861 -8177 105 -2 18 0
890 -8174 45 -2 17 0
917 -8174 -17 -2 15 0
933 -8175 -74 -2 12 0
931 -8176 -119 -2 9 0
902 -8177 -150 -2 6 0
856 -8175 -165 -2 4 0
797 -8175 -154 -2 4 0
736 -8176 -126 -2 5 0
682 -8180 -86 -2 7 0
633 -8184 -37 -2 11 0
592 -8184 8 -2 15 0
564 -8186 43 -2 21 0
547 -8190 63 -2 27 0
538 -8190 68 -2 33 0
534 -8188 59 -2 38 0
527 -8189 47 -3 42 0
518 -8189 26 -3 45 0
511 -8189 1 -3 46 0
510 -8188 -22 -3 46 0
512 -8186 -40 -3 44 0
522 -8186 -42 -3 42 0
536 -8186 -45 -3 40 0
556 -8183 -36 -3 39 0
572 -8179 -26 -2 40 0
588 -8179 -21 -2 42 0
594 -8183 -35 -2 44 0
594 -8182 -59 -2 47 0
586 -8182 -91 -2 49 0
555 -8183 -123 -2 51 0
507 -8186 -144 -3 54 0
439 -8190 -144 -3 58 0
366 -8189 -118 -3 64 0
283 -8191 -72 -3 73 0
206 -8190 -20 -3 83 0
133 -8190 35 -3 93 0
78 -8187 82 -3 102 0
34 -8185 112 -3 110 0
11 -8185 125 -3 117 0
-1 -8186 121 -3 122 0
-7 -8187 108 -3 126 0
-1 -8188 89 -4 130 -1
12 -8190 78 -4 133 -1
36 -8189 76 -4 135 -1
61 -8189 96 -4 137 -1
93 -8187 136 -4 139 -1
132 -8185 194 -4 143 -1
165 -8185 271 -4 148 -1
185 -8187 340 -4 153 -1
213 -8186 388 -4 160 -1
257 -8185 407 -4 165 -1
322 -8184 392 -4 169 0
416 -8182 359 -4 169 0
544 -8183 311 -4 166 0
696 -8181 271 -4 160 0
871 -8178 237 -4 152 0
1049 -8175 231 -4 140 0
1222 -8171 241 -4 124 0
1392 -8167 258 -4 105 0
1505 -8162 291 -3 86 0
1554 -8162 324 -3 66 0
1559 -8163 353 -3 49 0
1503 -8164 357 -2 35 0
1415 -8169 346 -2 23 0
1303 -8175 314 -2 12 0
1173 -8180 265 -2 5 0
1048 -8181 206 -2 1 0
935 -8182 133 -2 1 0
838 -8183 81 -2 2 0
758 -8181 33 -2 4 0
687 -8181 11 -2 7 0
617 -8180 13 -2 10 0
549 -8180 12 -2 14 0
496 -8181 20 -2 20 0
463 -8180 8 -2 25 0
492 -8182 -13 -2 27 0
611 -8179 -47 -2 23 0
778 -8179 -74 -2 11 0
933 -8177 -83 -1 -6 0
1073 -8169 -105 -1 -21 0
1179 -8167 -109 -1 -34 0
1218 -8167 -109 0 -45 -1
1227 -8170 -111 0 -54 -1
1184 -8173 -89 0 -60 -1
1097 -8172 -55 0 -64 0
1000 -8173 -3 0 -65 0
886 -8174 54 0 -63 0
768 -8176 109 0 -57 0
657 -8178 162 0 -49 0
550 -8180 215 -1 -39 0
451 -8179 268 -1 -28 0
379 -8181 322 -1 -18 0
343 -8182 382 -2 -8 0
354 -8178 434 -2 0 1
417 -8175 472 -2 3 1
511 -8169 488 -2 2 1
621 -8168 489 -2 -1 1
732 -8170 479 -2 -5 1
826 -8172 455 -2 -8 1
893 -8172 426 -2 -12 1
940 -8174 400 -2 -15 1
961 -8175 376 -2 -18 1
961 -8178 362 -2 -21 1
937 -8179 355 -2 -24 1
896 -8177 356 -2 -26 1
842 -8177 364 -3 -27 1
776 -8176 379 -3 -27 1
706 -8179 396 -3 -26 1
638 -8183 409 -3 -24 1
583 -8184 421 -3 -21 1
537 -8184 424 -3 -19 1
495 -8184 427 -3 -17 1
457 -8185 425 -3 -15 1
422 -8185 420 -3 -12 1
400 -8186 412 -4 -9 1
390 -8190 406 -4 -6 1
394 -8189 398 -4 -4 1
418 -8190 389 -4 -2 1
461 -8187 372 -4 -2 1
514 -8185 357 -4 -3 1
567 -8186 336 -4 -4 1
614 -8185 312 -4 -6 1
644 -8183 289 -4 -7 1
649 -8181 274 -4 -7 1
634 -8182 259 -4 -7 1
604 -8182 243 -4 -6 1
559 -8181 217 -4 -4 1
510 -8180 175 -4 -3 1
462 -8179 114 -4 -3 1
422 -8179 41 -4 -4 1
380 -8180 -33 -4 -5 1
356 -8182 -108 -4 -6 1
348 -8181 -172 -4 -6 1
354 -8181 -219 -4 -6 1
375 -8178 -243 -4 -5 1
394 -8176 -237 -3 -5 1
424 -8175 -215 -3 -5 1
447 -8176 -171 -3 -5 1
463 -8177 -124 -3 -6 1
474 -8177 -81 -3 -7 1
481 -8176 -44 -3 -8 1
487 -8180 -29 -3 -10 1
487 -8183 -27 -3 -13 1
491 -8186 -34 -3 -15 1
500 -8188 -45 -3 -16 1
509 -8187 -50 -3 -16 1
532 -8185 -52 -3 -15 1
561 -8183 -49 -3 -15 1
592 -8181 -54 -3 -15 1
624 -8182 -61 -3 -16 1
639 -8184 -80 -3 -18 1
641 -8186 -88 -3 -20 1
632 -8187 -84 -3 -21 1
614 -8183 -61 -3 -22 1
592 -8181 -23 -3 -22 1
569 -8178 14 -3 -23 1
545 -8176 52 -3 -23 1
521 -8176 72 -3 -24 1
496 -8175 77 -2 -26 1
472 -8177 66 -2 -28 1
448 -8176 40 -2 -30 1
425 -8180 12 -2 -32 1
401 -8187 -21 -2 -33 1
381 -8189 -48 -2 -32 1
365 -8189 -68 -2 -31 1
353 -8189 -74 -2 -30 1
344 -8191 -78 -2 -28 1
331 -8189 -72 -2 -27 1
312 -8189 -52 -2 -26 1
288 -8190 -29 -2 -23 1
260 -8188 14 -2 -20 1
241 -8186 52 -3 -16 1
242 -8183 79 -3 -13 1
252 -8180 103 -3 -11 1
271 -8180 108 -3 -10 1
296 -8180 105 -3 -11 1
322 -8183 97 -3 -11 1
345 -8183 89 -3 -10 1
361 -8183 85 -3 -9 1
372 -8182 89 -3 -8 1
380 -8181 101 -3 -7 1
386 -8182 110 -3 -7 1
391 -8182 119 -3 -8 1
394 -8180 117 -3 -9 1
394 -8181 103 -3 -10 1
383 -8183 85 -3 -10 1
369 -8184 62 -3 -9 1
358 -8188 46 -3 -8 1
345 -8188 34 -3 -7 1
334 -8189 30 -3 -6 1
334 -8186 35 -3 -6 1
339 -8187 43 -3 -6 1
350 -8185 46 -3 -7 1
366 -8185 46 -3 -8 1
387 -8182 40 -3 -8 1
409 -8182 28 -3 -9 1
427 -8182 11 -3 -10 0
435 -8181 -6 -3 -12 0
436 -8181 -21 -3 -13 0
424 -8180 -22 -3 -13 0
400 -8182 -15 -3 -13 0
369 -8184 -1 -3 -12 0
334 -8184 15 -3 -10 0
300 -8185 35 -3 -8 0
271 -8187 51 -3 -6 0
252 -8189 62 -3 -4 0
241 -8187 66 -3 -2 0
242 -8187 58 -3 0 0
261 -8188 43 -3 1 0
289 -8189 24 -3 1 0
321 -8189 5 -3 1 0
352 -8192 -16 -3 0 0
377 -8191 -37 -3 -1 0
395 -8187 -54 -3 -1 0
407 -8187 -69 -3 -2 0
410 -8186 -82 -3 -2 0
410 -8186 -96 -3 -3 0
406 -8185 -106 -3 -4 0
404 -8184 -114 -3 -5 0
403 -8185 -128 -3 -6 0
400 -8184 -143 -3 -7 0
395 -8182 -157 -3 -8 0
390 -8182 -171 -3 -8 0
380 -8183 -177 -3 -8 0
367 -8183 -178 -2 -8 0
350 -8181 -176 -3 -8 0
331 -8184 -164 -3 -7 0
317 -8185 -150 -2 -6 0
314 -8185 -135 -3 -5 0
316 -8186 -125 -2 -4 0
324 -8186 -121 -2 -3 0
338 -8187 -118 -2 -3 0
351 -8187 -122 -2 -4 0
363 -8189 -123 -2 -4 0
372 -8188 -125 -2 -5 0
379 -8188 -131 -2 -6 0
384 -8191 -132 -2 -7 0
390 -8192 -134 -2 -8 0
390 -8190 -133 -2 -10 0
380 -8189 -132 -2 -11 0
374 -8188 -127 -2 -11 0
363 -8187 -118 -2 -11 0
356 -8187 -104 -2 -11 0
355 -8190 -90 -2 -10 0
357 -8187 -75 -2 -10 0
367 -8185 -68 -2 -9 0
388 -8187 -60 -2 -9 0
408 -8189 -59 -2 -9 0
427 -8191 -60 -2 -10 0
447 -8190 -60 -2 -10 0
464 -8187 -66 -2 -11 0
473 -8189 -71 -2 -12 0
471 -8190 -84 -2 -13 0
456 -8188 -91 -2 -14 -1
432 -8188 -89 -2 -15 -1
402 -8188 -87 -2 -15 -1
373 -8189 -79 -2 -15 -1
348 -8189 -72 -2 -15 -1
327 -8190 -60 -2 -15 -1
320 -8190 -46 -2 -14 -1
321 -8191 -35 -2 -14 -1
328 -8190 -28 -2 -14 -1
344 -8191 -19 -2 -13 -1
362 -8193 -9 -2 -12 -1
384 -8197 1 -2 -11 -1
409 -8197 11 -2 -11 -1
432 -8198 18 -2 -11 -1
444 -8197 23 -2 -11 -1
453 -8197 29 -2 -10 -1
456 -8198 29 -2 -10 -1
452 -8200 27 -2 -10 -1
452 -8198 19 -2 -9 -1
457 -8199 10 -2 -9 0
469 -8199 -1 -2 -10 0
486 -8196 -2 -2 -10 0
504 -8194 -1 -2 -10 0
530 -8193 1 -2 -10 0
554 -8194 3 -2 -10 0
573 -8194 10 -2 -10 0
583 -8194 12 -2 -11 0
584 -8188 12 -2 -11 0
580 -8189 10 -2 -11 0
568 -8190 10 -2 -11 0
555 -8192 13 -2 -10 0
542 -8190 16 -2 -10 0
527 -8188 22 -2 -9 0
513 -8187 27 -2 -8 0
498 -8186 36 -2 -6 0
486 -8185 45 -2 -5 0
474 -8185 47 -2 -4 0
461 -8184 48 -2 -3 0
439 -8187 40 -2 -2 0
420 -8187 26 -2 -1 0
406 -8189 11 -2 0 0
400 -8191 -3 -2 0 0
395 -8190 -14 -2 -1 0
393 -8190 -26 -2 -1 0
391 -8186 -42 -2 -1 0
388 -8184 -60 -2 -2 0
383 -8184 -74 -2 -2 0
377 -8185 -88 -2 -2 0
362 -8185 -102 -2 -2 0
346 -8186 -108 -2 -2 0
326 -8186 -105 -2 -2 0
311 -8188 -103 -2 -2 0
302 -8189 -97 -2 -2 0
298 -8188 -96 -2 -2 0
299 -8187 -98 -2 -2 0
303 -8186 -104 -2 -2 0
305 -8186 -109 -2 -2 0
310 -8187 -114 -2 -2 0
317 -8185 -112 -2 -2 0
325 -8182 -108 -2 -2 0
331 -8181 -107 -2 -3 -1
338 -8181 -108 -2 -5 -1
345 -8184 -105 -2 -6 -1
349 -8187 -101 -2 -7 -1
353 -8189 -105 -2 -8 -1
356 -8189 -108 -2 -8 -1
361 -8189 -103 -2 -8 -1
367 -8187 -89 -2 -7 -1
373 -8188 -74 -2 -7 -1
375 -8185 -56 -2 -7 -1
374 -8184 -37 -2 -7 -1
372 -8185 -27 -2 -7 -1
370 -8184 -21 -2 -6 -1
371 -8185 -13 -2 -6 -1
370 -8184 -15 -2 -6 -1
369 -8185 -17 -2 -5 -1
371 -8188 -11 -2 -4 -1
380 -8185 -3 -2 -3 -1
390 -8185 8 -2 -3 -1
401 -8185 11 -2 -2 -1
408 -8187 21 -2 -2 -1
413 -8185 21 -2 -2 -1
414 -8184 23 -2 -2 -1
415 -8183 19 -2 -2 -1
420 -8186 13 -2 -2 -1
429 -8186 12 -2 -2 -1
436 -8187 11 -2 -1 -1
442 -8189 18 -2 -1 -1
448 -8189 29 -2 -1 -1
453 -8188 36 -2 -1 -1
458 -8188 45 -2 -1 -1
463 -8188 47 -2 -1 -1
461 -8187 39 -2 -1 -1
458 -8186 27 -2 -2 -1
461 -8186 11 -2 -2 -1
467 -8185 -6 -2 -2 -1
474 -8188 -21 -2 -2 -1
477 -8189 -29 -2 -2 -1
481 -8189 -29 -2 -2 -1
485 -8190 -32 -2 -2 -1
484 -8190 -23 -2 -2 -1
483 -8190 -24 -2 -2 -1
480 -8189 -31 -2 -2 -1
477 -8190 -32 -2 -2 -1
474 -8190 -32 -2 -2 -1
469 -8192 -34 -2 -2 -1
468 -8194 -33 -2 -2 -1
468 -8194 -33 -2 -2 -1
475 -8192 -26 -2 -1 -1
481 -8193 -17 -2 -1 -1
490 -8191 -8 -2 -1 -1
490 -8188 -4 -2 -2 0
488 -8190 -11 -2 -2 0
481 -8192 -22 -2 -2 0
479 -8192 -37 -2 -2 -1
475 -8191 -53 -2 -2 0
472 -8191 -59 -2 -2 0
469 -8189 -59 -2 -2 0
468 -8188 -55 -2 -2 0
469 -8186 -51 -2 -2 -1
469 -8186 -47 -2 -2 0
466 -8185 -46 -2 -3 0
462 -8186 -45 -2 -3 -1
457 -8187 -46 -2 -4 -1
451 -8185 -53 -2 -3 0
446 -8184 -52 -2 -3 -1
448 -8183 -46 -2 -2 0
451 -8185 -33 -2 -2 0
450 -8188 -15 -2 -2 0
454 -8188 -5 -2 -2 0
457 -8189 -2 -2 -3 0
460 -8190 0 -2 -3 0
464 -8192 -2 -2 -4 0
465 -8196 -15 -2 -4 0
464 -8196 -21 -2 -4 -1
463 -8195 -24 -2 -4 0
460 -8193 -23 -2 -4 -1
458 -8191 -18 -2 -4 0
456 -8189 -8 -2 -5 0
455 -8189 -4 -2 -5 0
455 -8190 -6 -2 -6 0
456 -8192 -12 -2 -6 0
453 -8193 -23 -2 -5 0
452 -8192 -30 -2 -5 0
453 -8191 -35 -2 -4 0
451 -8189 -34 -2 -3 0
446 -8187 -28 -2 -3 0
439 -8187 -22 -2 -3 -1
430 -8183 -13 -2 -3 -1
418 -8184 -6 -2 -2 0
406 -8188 -5 -2 -2 0
404 -8188 -11 -2 -1 0
408 -8189 -21 -2 -1 0
417 -8188 -30 -2 -1 0
425 -8186 -39 -2 -1 0
438 -8187 -46 -2 -2 -1
446 -8189 -52 -2 -2 -1
451 -8189 -60 -2 -3 -1
452 -8190 -62 -2 -3 -1
448 -8190 -62 -2 -3 -1
444 -8190 -59 -2 -3 -1
439 -8189 -53 -2 -3 -1
438 -8189 -48 -2 -3 -1
441 -8189 -45 -2 -3 -1
443 -8190 -37 -2 -3 -1
447 -8191 -35 -2 -2 -1
453 -8191 -32 -2 -2 0
458 -8189 -32 -2 -2 -1
464 -8187 -39 -2 -2 -1
466 -8185 -44 -2 -2 0
466 -8185 -44 -2 -2 0
461 -8189 -46 -2 -2 0
455 -8191 -40 -2 -2 -1
454 -8193 -40 -2 -2 0
455 -8194 -39 -2 -2 0
456 -8190 -37 -2 -2 0
459 -8190 -35 -2 -2 0
461 -8192 -36 -2 -2 0
465 -8195 -37 -2 -2 0
470 -8192 -42 -2 -2 -1
474 -8192 -45 -2 -2 0
477 -8191 -46 -2 -3 0
478 -8191 -44 -2 -3 0
475 -8194 -42 -2 -3 0
470 -8194 -41 -2 -3 0
465 -8196 -41 -2 -3 -1
459 -8195 -39 -2 -3 -1
455 -8193 -35 -2 -3 -1
453 -8189 -32 -2 -3 -1
448 -8188 -30 -2 -2 -1
448 -8187 -30 -2 -2 -1
448 -8186 -30 -2 -2 0
447 -8188 -33 -2 -2 -1
445 -8186 -35 -2 -2 -1
448 -8187 -38 -2 -2 -1
451 -8187 -39 -2 -2 -1
454 -8186 -40 -2 -2 -1
457 -8187 -42 -2 -3 -1
460 -8187 -47 -2 -3 -1
465 -8188 -49 -2 -4 -1
469 -8189 -57 -2 -4 0
475 -8189 -63 -2 -4 -1
479 -8187 -67 -2 -4 0
478 -8185 -68 -2 -4 0
477 -8185 -66 -2 -4 -1
479 -8181 -65 -2 -4 -1
481 -8181 -61 -2 -4 -1
485 -8180 -56 -2 -4 0
485 -8183 -52 -2 -4 0
485 -8186 -50 -2 -4 0
487 -8189 -50 -2 -4 0
488 -8191 -47 -2 -4 0
486 -8191 -41 -2 -3 0
484 -8191 -33 -2 -3 0
486 -8190 -21 -2 -3 0
485 -8190 -16 -2 -3 0
485 -8190 -15 -2 -3 0
487 -8190 -19 -2 -3 0
487 -8189 -24 -2 -3 0
488 -8191 -36 -2 -3 0
488 -8192 -45 -2 -3 0
486 -8194 -47 -2 -3 0
481 -8194 -44 -2 -3 0
477 -8194 -35 -2 -3 0
473 -8191 -27 -2 -3 0
467 -8189 -18 -2 -2 0
463 -8187 -14 -2 -2 0
458 -8189 -9 -2 -2 0
453 -8187 -3 -2 -2 0
451 -8186 -4 -2 -2 0
448 -8184 -9 -2 -2 0
446 -8184 -12 -2 -2 0
443 -8186 -14 -2 -2 0
442 -8185 -11 -2 -2 0
437 -8184 -7 -2 -2 0
433 -8184 4 -2 -1 0
427 -8184 8 -2 -1 0
423 -8185 6 -2 -1 0
421 -8187 -3 -2 -1 0
418 -8186 -5 -2 -1 0
424 -8184 -9 -2 -1 0
428 -8185 -14 -2 -1 0
429 -8185 -22 -2 -1 0
431 -8187 -24 -2 -1 0
430 -8187 -25 -2 -2 0
426 -8187 -27 -2 -2 -1
420 -8188 -30 -2 -2 -1
417 -8187 -36 -2 -2 -1
415 -8187 -43 -2 -2 -1
416 -8187 -48 -2 -3 -1
418 -8187 -53 -2 -3 -1
422 -8188 -56 -2 -3 -1
428 -8188 -60 -2 -3 -1
434 -8186 -58 -2 -3 -1
438 -8188 -55 -2 -3 -1
440 -8188 -48 -2 -3 -1
439 -8188 -44 -2 -3 -1
437 -8187 -40 -2 -3 -1
440 -8185 -36 -2 -3 -1
442 -8186 -33 -2 -3 -1
446 -8185 -28 -2 -3 -1
452 -8185 -29 -2 -4 -1
459 -8185 -28 -2 -4 -1
459 -8186 -32 -2 -4 -1
455 -8187 -34 -2 -4 -1
450 -8189 -33 -2 -4 -1
448 -8190 -30 -2 -4 -1
446 -8192 -28 -2 -4 -1
442 -8193 -22 -2 -3 -1
443 -8194 -19 -2 -3 -1
447 -8193 -22 -2 -3 -1
455 -8192 -26 -2 -3 -1
468 -8190 -28 -2 -3 -1
481 -8187 -26 -2 -3 -1
488 -8188 -29 -2 -3 -1
488 -8189 -31 -2 -4 -1
487 -8189 -35 -2 -4 -1
484 -8188 -31 -2 -3 -1
480 -8187 -29 -2 -3 -1
476 -8189 -28 -2 -3 -1
474 -8191 -27 -2 -3 -1
472 -8190 -29 -2 -3 -1
475 -8193 -35 -2 -4 -1
478 -8194 -46 -2 -4 -1
481 -8191 -58 -2 -4 -1
479 -8189 -68 -2 -4 -1
479 -8189 -67 -2 -4 -1
480 -8190 -65 -2 -4 -1
480 -8191 -57 -2 -4 -1
480 -8191 -48 -2 -4 -1
480 -8190 -37 -2 -4 -1
478 -8190 -33 -2 -4 -1
477 -8189 -29 -2 -4 -1
476 -8186 -26 -2 -5 -1
475 -8186 -23 -2 -5 -1
475 -8187 -22 -2 -5 -1
474 -8186 -20 -2 -5 -1
474 -8184 -9 -2 -5 -1
476 -8184 2 -2 -5 -1
481 -8184 9 -2 -5 -1
485 -8186 19 -2 -5 -1
493 -8185 23 -2 -5 -1
501 -8186 23 -2 -5 -1
509 -8185 25 -2 -5 -1
514 -8184 24 -2 -5 -1
520 -8183 22 -2 -4 0
521 -8184 19 -2 -4 0
522 -8184 23 -2 -4 0
518 -8183 31 -2 -4 0
514 -8182 40 -2 -3 0
510 -8183 48 -2 -2 0
508 -8185 56 -2 -2 0
510 -8186 60 -2 -2 0
511 -8188 65 -2 -1 0
515 -8190 68 -2 -1 0
516 -8188 65 -2 -1 0
517 -8186 64 -2 -1 0
519 -8186 61 -2 0 0
516 -8186 54 -2 0 0
517 -8186 48 -2 0 0
516 -8188 48 -2 0 0
517 -8188 47 -2 0 0
514 -8186 42 -2 0 0
511 -8185 37 -2 0 0
510 -8184 35 -2 0 0
508 -8183 32 -2 0 0
506 -8184 31 -2 0 0
504 -8183 32 -2 1 0
501 -8183 36 -2 1 0
499 -8186 36 -2 1 0
494 -8187 37 -2 0 0
486 -8186 35 -2 0 0
479 -8185 28 -2 0 0
474 -8185 22 -2 0 0
472 -8186 20 -2 0 0
474 -8187 17 -2 0 0
475 -8186 10 -2 -1 0
476 -8186 2 -2 -1 0
479 -8189 1 -2 -1 0
476 -8190 1 -2 -1 0
473 -8190 7 -2 -1 0
466 -8189 12 -2 -1 0
459 -8188 12 -2 -1 0
456 -8188 14 -2 -2 0
457 -8189 12 -2 -1 0
459 -8193 11 -2 -1 0
460 -8194 10 -2 -1 0
462 -8194 8 -2 -1 0
464 -8193 5 -2 -1 0
464 -8192 5 -2 -1 0
464 -8189 8 -2 -1 0
464 -8189 12 -2 -1 0
461 -8191 10 -2 -1 0
458 -8190 4 -2 -1 0
457 -8188 -4 -2 -2 0
459 -8185 -14 -2 -2 0
461 -8187 -20 -2 -1 0
469 -8187 -18 -2 -1 0
475 -8184 -19 -2 -1 0
478 -8183 -20 -2 -2 0
482 -8184 -19 -2 -2 0
475 -8185 -20 -2 -1 0
467 -8183 -20 -2 -1 0
459 -8181 -20 -2 -1 0
452 -8181 -18 -2 0 0
450 -8181 -19 -2 0 0
449 -8181 -22 -2 0 0
452 -8181 -24 -2 0 0
454 -8182 -23 -2 0 0
456 -8183 -24 -2 0 0
456 -8183 -30 -2 1 0
456 -8182 -32 -2 0 0
454 -8179 -36 -2 0 0
450 -8178 -39 -2 0 0
446 -8179 -43 -2 -1 0
443 -8179 -48 -2 -1 0
440 -8177 -51 -2 -2 0
438 -8177 -55 -2 -2 0
439 -8177 -56 -2 -2 0
444 -8178 -54 -2 -2 0
442 -8179 -55 -2 -2 0
442 -8179 -50 -2 -2 0
437 -8178 -41 -2 -2 0
429 -8179 -39 -2 -2 0
423 -8181 -34 -2 -2 0
417 -8185 -32 -2 -2 0
415 -8185 -28 -2 -2 0
417 -8185 -21 -2 -2 0
423 -8184 -13 -2 -2 0
433 -8185 -10 -2 -2 0
442 -8186 -7 -2 -3 0
449 -8187 -4 -2 -3 0
449 -8188 2 -2 -3 -1
446 -8189 9 -2 -3 -1
443 -8191 18 -2 -3 -1
435 -8191 33 -2 -3 -1
430 -8191 49 -2 -3 -1
429 -8187 58 -2 -3 0
428 -8189 61 -2 -3 0
432 -8189 64 -2 -3 0
440 -8189 65 -2 -3 0
450 -8192 61 -2 -2 0
457 -8192 60 -2 -2 0
462 -8193 58 -2 -2 0
465 -8192 63 -2 -2 -1
465 -8191 63 -2 -2 -1
464 -8191 64 -2 -1 0
462 -8191 61 -2 -1 0
459 -8192 59 -2 -1 0
463 -8191 53 -2 -1 0
468 -8190 44 -2 -1 0
472 -8190 37 -2 -1 0
475 -8188 25 -2 -1 0
475 -8185 15 -2 -1 0
478 -8183 12 -2 -1 0
474 -8181 10 -2 -1 0
469 -8179 12 -2 -1 0
461 -8177 11 -2 -1 0
455 -8176 10 -2 -1 0
455 -8176 7 -2 -1 0
454 -8174 2 -2 -1 0
453 -8175 -3 -2 -1 0
455 -8179 -5 -2 -1 0
460 -8180 -5 -2 -1 0
468 -8179 -9 -2 -1 -1
472 -8180 -8 -2 -1 -1
473 -8182 -5 -2 -2 -1
472 -8182 -6 -2 -2 -1
468 -8183 -11 -2 -3 -1
464 -8184 -18 -2 -3 -1
460 -8188 -24 -2 -3 -1
460 -8187 -25 -2 -3 0
464 -8183 -26 -2 -3 -1
466 -8182 -23 -2 -3 -1
469 -8183 -17 -2 -3 0
472 -8182 -9 -2 -3 0
472 -8181 2 -2 -3 -1
469 -8183 13 -2 -2 -1
466 -8186 18 -2 -2 -1
464 -8188 17 -2 -2 -1
460 -8187 16 -2 -2 -1
459 -8187 11 -2 -2 0
459 -8187 5 -2 -2 0
462 -8187 1 -2 -2 0
469 -8187 4 -2 -2 -1
475 -8188 9 -2 -2 -1
476 -8188 16 -2 -3 -1
473 -8188 18 -2 -3 -1
468 -8190 17 -2 -3 -1
461 -8192 17 -2 -2 -1
455 -8191 19 -2 -2 -1
454 -8190 20 -2 -2 0
454 -8189 20 -2 -1 0
458 -8188 23 -2 -1 0
466 -8187 27 -2 -1 0
473 -8188 24 -2 -1 0
482 -8190 17 -2 -1 0
493 -8189 13 -2 -1 0
502 -8191 6 -2 -1 0
505 -8195 0 -2 -1 0
503 -8194 -4 -2 -1 0
499 -8192 -8 -2 -1 0
495 -8193 -7 -2 0 0
492 -8195 -3 -2 -1 0
487 -8195 0 -2 0 0
481 -8196 0 -2 0 0
475 -8199 -9 -2 0 0
474 -8199 -28 -2 0 0
473 -8200 -40 -2 0 0
471 -8198 -50 -2 0 0
466 -8197 -52 -2 0 0
453 -8196 -51 -2 0 0
438 -8197 -41 -2 0 -1
421 -8196 -36 -2 -1 -1
405 -8195 -34 -2 -1 -1
389 -8194 -37 -2 -1 -1
380 -8194 -44 -2 -2 -1
381 -8195 -58 -2 -2 -1
391 -8196 -65 -2 -2 -1
409 -8195 -66 -2 -3 -1
426 -8193 -52 -2 -4 -1
435 -8193 -24 -2 -5 -1
437 -8192 18 -2 -6 -1
429 -8192 72 -2 -6 -1
416 -8191 126 -2 -7 -1
395 -8191 182 -2 -7 -1
362 -8189 224 -2 -8 -1
325 -8188 236 -2 -8 -1
285 -8189 232 -2 -8 -1
250 -8192 216 -2 -7 -1
233 -8223 199 -3 -5 -1
227 -8308 189 -3 -2 -1
259 -8449 174 -3 2 -1
320 -8636 145 -3 7 -1
412 -8864 90 -3 13 -1
515 -9129 8 -2 17 -1
619 -9424 -88 -2 20 -1
713 -9735 -193 -2 22 0
793 -10043 -294 -1 23 0
863 -10332 -382 -1 21 0
927 -10582 -447 0 19 0
978 -10778 -493 0 15 1
1012 -10920 -514 1 12 1
1026 -11000 -515 1 8 1
1015 -11030 -497 2 6 1
988 -11015 -463 2 4 2
947 -10953 -415 2 4 2
900 -10848 -356 3 3 2
848 -10703 -292 3 3 2
793 -10523 -228 3 3 2
737 -10324 -163 3 5 3
684 -10106 -93 3 8 3
637 -9865 -13 3 11 3
588 -9610 64 2 15 3
542 -9351 134 2 20 4
499 -9084 195 2 24 4
454 -8817 235 2 28 4
422 -8541 257 1 31 4
407 -8262 267 1 33 4
411 -7985 265 1 33 4
431 -7714 255 1 32 4
453 -7437 237 1 28 4
467 -7154 210 1 24 4
464 -6875 184 1 22 4
449 -6604 163 1 19 4
426 -6334 153 1 17 4
401 -6074 149 0 16 4
376 -5822 137 0 15 4
357 -5581 124 0 16 3
344 -5352 112 0 16 3
334 -5136 101 -1 16 2
331 -4937 80 -1 15 2
330 -4759 60 -2 14 1
324 -4590 63 -2 14 1
300 -4417 76 -3 14 0
267 -4236 84 -3 14 -1
225 -4041 88 -4 13 -2
174 -3834 99 -4 13 -2
119 -3629 146 -4 11 -3
63 -3438 200 -5 9 -4
10 -3261 253 -5 7 -5
-41 -3110 295 -6 7 -7
-79 -2990 338 -7 7 -8
-97 -2906 382 -8 9 -8
-97 -2866 433 -9 11 -9
-92 -2877 486 -10 15 -10
-103 -2945 544 -11 20 -11
-139 -3065 606 -12 24 -12
-192 -3248 657 -13 28 -13
-223 -3495 674 -14 31 -14
-198 -3817 631 -15 33 -15
-96 -4211 514 -15 34 -16
78 -4681 326 -16 34 -17
291 -5235 96 -16 33 -17
523 -6379 -182 -16 30 -18
2306 -7808 -776 -11 45 -20
265 -4353 -541 -12 99 -13
-216 -6071 -826 -7 -20 -9
894 -5464 -899 -6 -29 -5
-171 -7018 -428 0 -39 18
85 -8355 -191 -2 -52 4
190 -9502 -351 -2 20 1
402 -10203 -368 0 53 -2
974 -10556 -504 0 30 -3
1241 -10764 -669 1 -1 1
1200 -10975 -723 3 -15 4
1012 -11060 -766 4 -7 4
873 -10989 -811 5 1 2
890 -10779 -981 5 -1 3
868 -10509 -1083 5 -7 4
903 -10204 -1093 5 -10 3
1043 -9841 -946 5 -8 3
1069 -9407 -680 6 -6 6
1058 -8878 -480 6 -11 6
1063 -8263 -349 7 -14 5
976 -7571 -258 7 -15 6
861 -6813 -176 6 -20 5
771 -6020 -26 6 -21 6
592 -5230 228 5 -21 6
494 -4463 470 4 -22 5
381 -3732 672 3 -20 5
199 -3053 867 3 -20 5
68 -2443 935 1 -17 4
16 -1903 959 0 -11 4
-90 -1419 1030 -2 -6 4
-156 -982 1113 -3 -6 2
-128 -621 1085 -5 -3 1
4 -321 1014 -7 2 0
-302 -142 1212 -7 8 1
-664 -84 1531 -8 3 0
-756 -157 1325 -9 6 -1
-903 -314 1413 -9 24 0
-676 -498 1182 -11 42 -1
-379 -758 968 -12 55 -2
371 -2990 70 -6 68 0
206 -223 655 -14 121 -4
1668 37 614 -8 64 0
2160 -942 588 -5 7 11
1774 -1926 583 -4 -28 14
1514 -2761 620 -4 0 7
1464 -3499 617 -4 55 1
1642 -4176 546 -5 53 -4
1782 -4725 354 -6 15 -8
1592 -5214 255 -5 -8 -8
1093 -5643 260 -5 -18 -6
324 -6008 245 -5 -18 -5
-679 -6339 317 -4 -12 -1
-1068 -6611 244 -4 -3 1
-1084 -6839 156 -4 9 3
-687 -7030 27 -4 7 4
-55 -7180 -179 -4 8 3
484 -7315 -202 -4 4 2
963 -7429 -294 -4 -3 0
1150 -7521 -426 -3 -5 -2
1203 -7618 -465 -3 -6 -4
1107 -7694 -565 -3 -4 -4
729 -7770 -576 -3 -7 -4
317 -7835 -601 -3 -10 -2
-59 -7888 -645 -3 -9 0
-247 -7938 -641 -3 -6 1
-168 -7969 -652 -3 -3 2
162 -7995 -607 -2 -1 2
588 -8017 -590 -2 -3 1
922 -8034 -595 -2 -7 0
1073 -8053 -579 -2 -13 -2
1027 -8073 -562 -1 -16 -3
777 -8094 -544 -1 -16 -3
406 -8113 -494 -1 -16 -2
90 -8128 -438 -2 -12 -1
-98 -8141 -353 -2 -7 1
-97 -8148 -272 -2 -3 1
105 -8148 -212 -1 -1 1
391 -8147 -163 -1 0 1
667 -8149 -160 -1 -2 0
860 -8152 -166 -1 -3 -1
882 -8156 -183 -1 -5 -2
752 -8163 -190 -1 -7 -2
528 -8171 -164 -2 -8 -2
266 -8178 -112 -2 -7 -1
79 -8179 -29 -2 -6 0
42 -8177 70 -2 -4 1
125 -8175 145 -2 -3 1
313 -8171 199 -2 -2 1
539 -8170 217 -2 -2 0
688 -8166 190 -2 -3 -1
755 -8173 154 -2 -4 -1
715 -8181 118 -2 -5 -2
560 -8189 94 -2 -6 -1
389 -8191 107 -3 -6 -1
247 -8192 144 -3 -4 0
171 -8191 179 -3 -3 0
214 -8186 210 -3 -2 1
326 -8183 220 -2 -2 1
459 -8181 194 -2 -2 0
589 -8179 144 -2 -2 0
639 -8180 73 -2 -3 -1
615 -8181 5 -3 -4 -1
538 -8184 -32 -3 -5 -1
409 -8187 -41 -3 -6 -1
295 -8188 -23 -3 -7 -1
234 -8188 20 -3 -6 0
229 -8188 53 -3 -6 0
294 -8187 64 -2 -5 0
385 -8187 51 -2 -4 0
456 -8185 9 -2 -4 0
505 -8182 -41 -2 -4 -1
497 -8182 -87 -2 -3 -1
435 -8183 -116 -3 -3 -1
367 -8185 -119 -3 -2 -1
294 -8186 -109 -3 -2 -1
250 -8184 -90 -3 -2 0
271 -8184 -68 -2 -1 0
321 -8182 -66 -2 -1 0
398 -8182 -78 -2 -1 0
482 -8182 -105 -2 0 -1
527 -8182 -150 -2 -1 -1
540 -8183 -181 -2 -2 -1
520 -8185 -201 -2 -3 -1
463 -8187 -209 -2 -4 -1
424 -8187 -181 -2 -5 -1
404 -8189 -150 -2 -5 0
407 -8188 -120 -2 -6 0
454 -8185 -83 -2 -5 0
509 -8183 -67 -2 -5 0
556 -8181 -66 -2 -4 -1
596 -8180 -63 -2 -3 -1
592 -8180 -75 -2 -3 -1
559 -8179 -83 -2 -2 -1
529 -8179 -75 -2 -1 0
483 -8176 -74 -2 -1 0
460 -8179 -62 -2 0 0
471 -8183 -53 -2 0 0
489 -8186 -67 -2 0 0
531 -8185 -75 -2 0 0
572 -8185 -88 -2 -1 0
586 -8182 -119 -2 -2 0
590 -8184 -121 -2 -2 0
571 -8183 -125 -2 -3 0
527 -8184 -129 -2 -4 0
496 -8187 -109 -2 -4 0
474 -8185 -96 -2 -4 0
468 -8185 -83 -2 -5 0
484 -8185 -60 -2 -4 0
499 -8186 -54 -2 -4 0
512 -8186 -53 -2 -3 0
521 -8185 -38 -2 -1 0
504 -8189 -46 -2 -1 0
476 -8190 -42 -2 -1 0
447 -8191 -34 -2 -1 0
409 -8189 -49 -2 -1 0
394 -8191 -52 -2 -1 0
395 -8193 -55 -2 0 0
402 -8191 -66 -2 -1 0
428 -8189 -60 -2 -1 0
443 -8189 -57 -2 -1 0
444 -8190 -70 -2 -2 0
437 -8192 -77 -2 -2 0
413 -8189 -89 -2 -3 0
382 -8189 -102 -2 -3 0
360 -8191 -95 -2 -2 0
347 -8190 -92 -2 -2 0
353 -8190 -83 -2 -2 0
370 -8191 -62 -2 -1 0
383 -8189 -60 -2 -1 0
397 -8187 -53 -2 -1 0
404 -8185 -46 -2 -1 0
397 -8184 -53 -2 -1 0
384 -8187 -56 -2 -1 0
364 -8188 -65 -2 -1 0
349 -8189 -73 -2 -1 0
345 -8192 -71 -2 -1 0
341 -8194 -67 -2 -1 0
356 -8193 -60 -2 -2 0
377 -8192 -52 -2 -2 0
390 -8192 -45 -2 -2 0
404 -8191 -39 -2 -2 0
403 -8191 -29 -2 -2 -1
393 -8192 -24 -2 -2 -1
392 -8192 -8 -2 -1 -1
388 -8192 5 -2 -1 0
389 -8192 17 -2 -1 0
397 -8193 28 -2 -1 0
406 -8196 29 -2 -1 0
420 -8194 20 -2 -1 0
435 -8194 6 -2 0 0
435 -8193 -17 -2 -1 -1
435 -8194 -38 -2 -1 -1
425 -8195 -54 -2 -1 -1
405 -8197 -72 -2 -2 -1
396 -8197 -78 -2 -2 -1
390 -8198 -79 -2 -2 0
387 -8197 -80 -2 -2 -1
398 -8196 -77 -2 -2 0
408 -8195 -79 -2 -2 -1
416 -8195 -83 -2 -2 -1
424 -8196 -77 -2 -2 -1
420 -8196 -83 -2 -2 -1
418 -8197 -86 -2 -3 -1
418 -8194 -78 -2 -2 -1
409 -8194 -75 -2 -3 -1
411 -8193 -55 -2 -3 -1
417 -8193 -33 -2 -3 -1
416 -8193 -20 -2 -3 -1
419 -8193 -4 -2 -3 -1
424 -8195 3 -2 -3 -1
426 -8197 1 -2 -3 -1
436 -8199 6 -2 -3 -1
440 -8198 4 -2 -4 -1
442 -8197 5 -2 -4 -1
450 -8197 16 -2 -4 -1
454 -8196 23 -2 -5 -1
455 -8191 35 -2 -5 -1
457 -8191 59 -2 -4 -1
456 -8190 69 -2 -4 -1
454 -8189 81 -2 -3 -1
452 -8189 88 -2 -2 -1
442 -8187 79 -2 -2 -1
438 -8186 74 -2 -1 -1
433 -8189 63 -2 -1 -1
429 -8190 43 -2 -1 -1
429 -8194 35 -2 -1 -1
431 -8194 27 -2 -1 -1
432 -8190 18 -2 -1 -1
441 -8190 16 -2 -1 -1
443 -8190 6 -2 -1 -1
445 -8192 -5 -2 -1 -1
445 -8191 -13 -2 -1 -1
443 -8193 -28 -2 -1 -1
445 -8189 -37 -2 -1 -1
445 -8189 -44 -2 -1 -1
446 -8188 -48 -2 -2 -1
449 -8187 -44 -2 -2 -1
451 -8185 -41 -2 -2 -1
448 -8183 -39 -2 -2 -1
448 -8186 -29 -2 -2 -1
447 -8188 -23 -2 -2 -1
450 -8185 -19 -2 -2 -1
454 -8185 -20 -2 -3 -1
458 -8183 -30 -2 -3 -1
464 -8184 -35 -2 -3 -1
469 -8185 -35 -2 -3 -1
470 -8183 -35 -2 -3 -1
472 -8183 -33 -2 -3 -1
470 -8184 -30 -2 -3 -1
472 -8184 -23 -2 -2 -1
474 -8184 -20 -2 -1 -1
476 -8182 -16 -2 -1 -1
479 -8182 -8 -2 -1 -1
486 -8182 -3 -2 -1 -1
490 -8184 -7 -2 -1 0
501 -8183 -7 -2 -1 0
510 -8183 -3 -2 -2 0
515 -8184 -3 -2 -2 0
521 -8185 4 -2 -2 0
521 -8184 8 -2 -2 0
512 -8184 10 -2 -2 0
503 -8185 14 -2 -2 0
493 -8186 6 -2 -2 0
486 -8187 -3 -2 -2 0
481 -8186 -8 -2 -2 0
479 -8184 -20 -2 -1 0
483 -8184 -19 -2 -1 0
490 -8185 -20 -2 -1 0
490 -8187 -19 -2 -1 0
488 -8188 -11 -2 -1 0
479 -8183 -6 -2 -1 0
465 -8183 -1 -2 -1 0
453 -8185 3 -2 0 0
447 -8184 5 -2 0 0
447 -8182 -3 -2 0 0
454 -8183 -3 -2 -1 0
460 -8186 -7 -2 -1 0
469 -8188 -12 -2 -2 0
474 -8188 -10 -2 -2 0
473 -8187 -7 -2 -3 0
466 -8187 -7 -2 -3 0
458 -8186 -6 -2 -3 0
448 -8184 -3 -2 -3 0
441 -8183 8 -2 -3 0
439 -8185 23 -2 -3 0
435 -8182 37 -2 -2 0
434 -8181 54 -2 -2 0
432 -8180 71 -2 -1 0
424 -8177 91 -2 0 0
423 -8179 114 -2 1 0
420 -8179 136 -2 1 0
417 -8182 155 -2 1 0
414 -8183 164 -2 1 0
408 -8183 156 -2 1 0
407 -8185 146 -2 1 0
412 -8189 136 -2 1 0
418 -8190 118 -2 1 0
423 -8190 103 -3 1 0
431 -8187 92 -3 1 -1
435 -8189 83 -3 1 -1
435 -8188 80 -3 1 -1
434 -8189 85 -3 1 -1
434 -8189 85 -3 1 -1
434 -8188 83 -3 1 0
433 -8188 68 -3 1 0
441 -8189 46 -2 1 0
450 -8192 25 -2 1 0
456 -8192 3 -3 0 0
460 -8191 -19 -2 0 0
460 -8192 -31 -2 0 0
459 -8192 -41 -2 0 -1
454 -8191 -43 -2 -1 -1
448 -8190 -43 -2 -1 -1
444 -8187 -46 -2 -1 -1
442 -8187 -44 -2 -1 -1
441 -8188 -48 -2 -1 -1
440 -8187 -54 -2 -2 -1
440 -8185 -59 -2 -2 -1
441 -8184 -66 -2 -2 -1
443 -8183 -65 -2 -2 -1
442 -8183 -61 -2 -2 -1
442 -8183 -58 -2 -2 -1
443 -8184 -55 -2 -2 -1
440 -8187 -53 -2 -2 -1
441 -8187 -56 -2 -2 -1
439 -8183 -56 -2 -2 -1
436 -8181 -60 -2 -2 -1
438 -8185 -64 -2 -2 -1
442 -8186 -63 -2 -2 -1
443 -8186 -61 -2 -2 -1
446 -8184 -54 -2 -2 -1
449 -8186 -39 -2 -2 -1
447 -8185 -29 -2 -2 -1
449 -8186 -18 -2 -2 -1
449 -8185 -10 -2 -2 -1
447 -8183 -7 -2 -2 -1
452 -8186 -4 -2 -2 -1
459 -8187 -10 -2 -2 -1
467 -8188 -17 -2 -2 -1
475 -8188 -20 -2 -2 -1
485 -8187 -21 -2 -2 -1
496 -8185 -21 -2 -2 -1
506 -8185 -17 -2 -2 -1
508 -8186 -19 -2 -2 -1
508 -8188 -20 -2 -2 -1
509 -8190 -19 -2 -1 -1
509 -8192 -21 -2 -1 -1
510 -8191 -18 -2 0 -1
507 -8188 -17 -2 0 -1
505 -8184 -18 -2 0 -1
505 -8185 -17 -2 0 -1
505 -8184 -26 -2 0 -1
500 -8185 -34 -2 -1 -1
497 -8185 -35 -2 -1 -1
492 -8184 -35 -2 -1 0
490 -8184 -37 -2 -1 0
486 -8185 -30 -2 -1 0
479 -8188 -19 -2 -1 0
473 -8191 -8 -2 -1 0
465 -8192 4 -2 -1 0
458 -8195 7 -2 -1 0
454 -8196 14 -2 0 -1
453 -8195 14 -2 0 -1
451 -8193 12 -2 0 -1
449 -8189 13 -2 0 -1
449 -8188 7 -2 0 -1
447 -8190 0 -2 0 -1
449 -8190 -4 -2 0 -1
454 -8190 -9 -2 0 0
463 -8190 -17 -2 0 -1
476 -8189 -27 -2 0 -1
484 -8188 -38 -2 0 -1
494 -8187 -48 -2 0 0
501 -8188 -56 -2 0 -1
507 -8187 -58 -2 -1 0
509 -8187 -56 -2 -1 0
510 -8186 -50 -2 -1 -1
509 -8183 -49 -2 -1 -1
510 -8181 -49 -2 -2 0
509 -8181 -47 -2 -2 0
509 -8181 -46 -2 -2 0
507 -8183 -46 -2 -3 0
507 -8184 -46 -2 -3 0
507 -8185 -38 -2 -3 0
507 -8185 -32 -2 -3 0
507 -8186 -25 -2 -3 0
509 -8184 -21 -2 -3 0
510 -8184 -20 -2 -3 0
505 -8187 -15 -2 -3 0
500 -8190 -10 -2 -3 0
498 -8190 -6 -2 -2 0
498 -8190 -2 -2 -2 0
501 -8189 4 -2 -2 0
504 -8188 7 -2 -2 0
509 -8185 11 -2 -2 0
507 -8184 15 -2 -2 0
501 -8182 22 -2 -2 0
499 -8179 27 -2 -2 0
491 -8181 33 -2 -2 0
481 -8180 38 -2 -1 0
472 -8179 43 -2 -1 0
466 -8180 44 -2 -1 0
463 -8182 37 -2 -1 0
464 -8183 30 -2 -1 0
466 -8181 22 -2 -1 0
468 -8180 13 -2 -1 0
470 -8176 8 -2 0 0
471 -8177 2 -2 -1 0
468 -8180 0 -2 -1 0
462 -8180 -13 -2 -1 0
453 -8180 -22 -2 -1 0
445 -8181 -26 -2 -1 0
437 -8182 -28 -2 -1 0
427 -8180 -32 -2 -1 0
420 -8183 -27 -2 0 0
417 -8185 -25 -2 0 0
420 -8186 -24 -2 0 0
421 -8186 -21 -2 -1 0
422 -8186 -24 -2 -1 0
425 -8185 -32 -2 -1 0
430 -8184 -40 -2 -1 0
430 -8186 -51 -2 -1 0
433 -8188 -59 -2 -1 0
433 -8189 -65 -2 -1 -1
440 -8189 -68 -2 -1 -1
446 -8189 -66 -2 -2 -1
454 -8190 -64 -2 -2 -1
455 -8190 -62 -2 -3 -1
453 -8187 -64 -2 -3 -1
449 -8187 -66 -2 -3 -1
445 -8185 -62 -2 -3 -1
440 -8182 -55 -2 -3 -1
435 -8183 -44 -2 -4 -1
432 -8185 -27 -2 -4 -1
433 -8187 -7 -2 -4 -1
441 -8188 14 -2 -4 -1
450 -8188 30 -2 -3 -1
455 -8186 35 -2 -3 -1
458 -8185 35 -2 -3 -1
460 -8184 36 -2 -3 -1
462 -8183 40 -2 -2 -1
464 -8185 41 -2 -2 -1
469 -8186 44 -2 -2 -1
474 -8186 48 -2 -2 -1
481 -8187 60 -2 -2 -1
490 -8185 68 -2 -2 -1
497 -8187 75 -2 -2 -1
506 -8190 83 -2 -2 -1
509 -8190 86 -2 -3 -1
507 -8190 84 -2 -3 -1
504 -8191 80 -2 -3 -1
502 -8191 81 -2 -3 -1
497 -8191 82 -2 -2 -1
496 -8193 86 -2 -2 -1
499 -8194 86 -2 -2 -1
505 -8189 86 -2 -2 0
506 -8188 89 -2 -2 0
511 -8189 82 -2 -1 0
513 -8189 68 -2 -1 0
516 -8190 54 -2 -1 0
517 -8191 37 -2 -1 0
518 -8190 25 -2 0 0
521 -8191 12 -3 0 0
528 -8188 0 -3 -1 0
529 -8186 -9 -2 -2 0
524 -8184 -23 -2 -2 0
520 -8182 -28 -2 -2 0
515 -8183 -33 -2 -2 0
507 -8184 -34 -2 -2 0
494 -8183 -32 -2 -1 0
484 -8182 -30 -2 -1 0
473 -8182 -26 -2 -1 0
465 -8182 -27 -2 -1 0
465 -8183 -35 -2 -1 0
474 -8181 -48 -2 -1 0
489 -8181 -62 -2 -1 0
500 -8179 -74 -2 -2 0
507 -8179 -83 -2 -2 0
507 -8179 -88 -2 -2 0
498 -8181 -89 -2 -2 0
485 -8184 -79 -2 -2 -1
475 -8186 -73 -2 -2 0
466 -8185 -64 -2 -2 0
468 -8182 -55 -2 -2 0
477 -8179 -56 -2 -2 0
496 -8177 -66 -2 -3 0
512 -8178 -83 -2 -4 0
519 -8179 -94 -2 -4 0
515 -8178 -92 -2 -4 -1
501 -8179 -79 -2 -3 0
478 -8178 -57 -2 -3 0
459 -8178 -36 -2 -2 0
447 -8178 -14 -2 -1 0
443 -8181 -1 -2 -1 0
451 -8182 6 -2 -1 0
461 -8183 1 -2 -1 0
471 -8186 -8 -2 -1 0
477 -8188 -13 -2 0 0
477 -8190 -5 -2 0 0
472 -8190 10 -2 0 0
463 -8190 29 -2 0 0
455 -8186 49 -2 0 0
452 -8187 64 -2 -1 0
456 -8187 67 -2 -1 0
459 -8188 59 -2 -1 0
466 -8193 52 -2 0 0
475 -8191 44 -2 0 0
480 -8192 38 -2 0 0
479 -8191 39 -2 0 0
478 -8190 44 -2 0 0
476 -8190 49 -3 0 0
472 -8189 51 -2 -1 0
475 -8185 45 -2 -1 0
481 -8184 36 -2 -1 0
490 -8185 19 -2 -1 0
496 -8184 1 -2 -1 0
503 -8184 -15 -2 0 0
509 -8186 -19 -3 0 0
507 -8186 -22 -3 -1 0
502 -8187 -25 -3 -1 0
495 -8186 -28 -2 -1 0
489 -8184 -34 -2 -1 0
489 -8182 -44 -2 -1 0
490 -8181 -55 -2 -1 0
495 -8182 -71 -2 0 0
502 -8181 -81 -2 0 0
512 -8183 -88 -2 -1 0
517 -8183 -88 -2 -1 0
517 -8184 -89 -2 -1 0
515 -8181 -91 -2 -2 0
507 -8181 -87 -2 -2 0
498 -8181 -82 -2 -2 0
489 -8181 -83 -2 -2 0
486 -8182 -84 -2 -2 0
486 -8183 -81 -2 -2 0
486 -8184 -76 -2 -2 0
490 -8185 -71 -2 -2 0
492 -8188 -64 -2 -2 0
490 -8188 -57 -2 -2 0
485 -8189 -47 -2 -2 0
476 -8188 -38 -2 -2 0
468 -8187 -32 -2 -2 0
462 -8187 -26 -2 -2 0
461 -8191 -25 -2 -2 0
465 -8194 -21 -2 -2 0
473 -8192 -19 -2 -2 0
482 -8193 -18 -2 -2 0
486 -8190 -13 -2 -2 0
487 -8189 -6 -2 -2 0
484 -8185 -4 -2 -2 0
482 -8184 2 -2 -2 0
479 -8187 9 -2 -2 0
477 -8187 8 -2 -2 0
474 -8188 4 -2 -2 0
467 -8189 8 -2 -1 0
460 -8187 14 -2 -1 0
453 -8187 21 -2 -1 0
448 -8185 22 -2 0 0
443 -8183 23 -2 0 0
434 -8184 17 -2 0 0
427 -8186 12 -2 -1 0
424 -8189 9 -2 -1 0
422 -8188 4 -2 -1 0
423 -8191 -2 -2 -1 -1
430 -8191 -5 -2 -1 0
435 -8192 -2 -2 -2 -1
441 -8191 -1 -2 -2 0
442 -8192 0 -2 -2 -1
447 -8194 1 -2 -2 -1
454 -8195 -2 -2 -2 -1
458 -8193 -4 -2 -2 -1
458 -8193 -8 -2 -2 -1
461 -8192 -6 -2 -2 -1
461 -8188 -8 -2 -2 -1
461 -8188 -2 -2 -2 -1
457 -8188 2 -2 -2 -1
458 -8189 5 -2 -2 -1
462 -8190 7 -2 -2 -1
467 -8191 4 -2 -2 -1
469 -8191 -4 -2 -2 -1
474 -8190 -13 -2 -2 -1
478 -8190 -19 -2 -2 -1
482 -8192 -20 -2 -2 -1
485 -8192 -18 -2 -2 -1
487 -8192 -13 -2 -2 -1
494 -8192 -10 -2 -2 -1
501 -8186 -10 -2 -2 -1
507 -8188 -10 -2 -2 -1
514 -8191 -12 -2 -2 -1
519 -8191 -18 -2 -2 -1
525 -8190 -23 -2 -2 -1
526 -8191 -27 -2 -2 -1
524 -8188 -27 -2 -2 -1
518 -8186 -24 -2 -2 0
516 -8188 -18 -2 -2 0
512 -8189 -15 -2 -2 0
510 -8187 -12 -2 -1 0
506 -8187 -9 -2 -1 0
502 -8184 -6 -2 -1 0
500 -8185 -8 -2 -1 0
504 -8189 -11 -2 -1 0
505 -8188 -15 -2 -2 0
504 -8186 -18 -2 -2 0
503 -8184 -25 -2 -2 0
502 -8185 -30 -2 -2 0
501 -8184 -33 -2 -3 0
496 -8184 -37 -2 -3 0
495 -8184 -40 -2 -3 0
492 -8185 -37 -2 -2 0
489 -8186 -39 -2 -2 0
485 -8186 -39 -2 -2 0
482 -8186 -38 -2 -2 0
479 -8186 -39 -2 -2 0
474 -8186 -39 -2 -1 0
473 -8187 -45 -2 -1 0
470 -8186 -49 -2 -1 0
469 -8187 -49 -2 -1 0
473 -8189 -52 -2 -1 0
479 -8188 -55 -2 -2 0
488 -8190 -56 -2 -2 0
497 -8190 -62 -2 -2 0
506 -8190 -68 -2 -2 0
511 -8191 -71 -2 -2 0
512 -8190 -71 -2 -3 0
514 -8191 -77 -2 -3 0
513 -8192 -83 -2 -3 0
508 -8190 -85 -2 -3 0
506 -8188 -86 -2 -3 0
507 -8189 -85 -2 -2 0
510 -8190 -83 -2 -2 0
516 -8187 -83 -2 -2 0
525 -8186 -80 -2 -2 0
530 -8186 -83 -2 -2 0
532 -8188 -81 -2 -2 0
531 -8190 -82 -2 -2 0
530 -8192 -79 -2 -2 0
528 -8188 -75 -2 -2 0
526 -8186 -71 -2 -2 0
525 -8186 -68 -2 -2 0
529 -8186 -69 -2 -2 0
531 -8187 -64 -2 -3 0
536 -8189 -60 -2 -3 0
538 -8193 -58 -2 -3 0
535 -8195 -49 -2 -3 0
527 -8197 -39 -2 -3 0
512 -8197 -30 -2 -3 0
496 -8198 -17 -2 -3 0
484 -8196 -2 -2 -3 0
473 -8197 17 -2 -2 0
466 -8195 29 -2 -2 0
465 -8193 38 -2 -1 0
464 -8194 37 -2 -1 0
465 -8194 36 -2 -1 0
469 -8193 31 -2 -1 0
471 -8193 23 -2 0 0
474 -8191 21 -2 0 0
475 -8189 14 -2 -1 0
474 -8189 7 -2 -1 0
471 -8190 3 -2 -1 0
469 -8191 0 -2 -1 0
472 -8191 -5 -2 -1 0
475 -8191 -12 -2 -2 0
478 -8190 -13 -2 -2 0
482 -8187 -23 -2 -2 0
485 -8185 -26 -2 -2 0
483 -8186 -29 -2 -2 0
478 -8184 -27 -2 -2 0
474 -8187 -18 -2 -2 0
468 -8187 -8 -2 -2 0
467 -8188 0 -2 -2 0
468 -8189 5 -2 -1 0
474 -8187 3 -2 -1 0
477 -8186 0 -2 -1 0
481 -8185 -2 -2 -1 0
484 -8186 -5 -2 -1 0
482 -8188 -5 -2 -1 0
477 -8192 -6 -2 -1 0
473 -8193 -2 -2 -1 0
468 -8192 7 -2 -2 0
463 -8190 14 -2 -2 0
461 -8189 17 -2 -2 0
461 -8189 21 -2 -2 0
464 -8188 24 -2 -2 0
467 -8189 23 -2 -2 0
464 -8190 26 -2 -2 0
460 -8192 30 -2 -2 0
453 -8193 34 -2 -1 0
442 -8190 37 -2 -1 0
435 -8191 40 -2 -1 0
432 -8193 43 -2 0 0
433 -8194 44 -2 0 0
440 -8193 39 -2 0 0
448 -8193 31 -2 0 0
455 -8197 21 -2 0 0
463 -8199 9 -2 0 0
461 -8196 2 -2 1 0
461 -8196 -4 -2 1 0
461 -8195 -8 -2 0 0
461 -8193 -6 -2 0 0
464 -8191 -9 -2 -1 0
469 -8188 -12 -2 -1 0
478 -8188 -22 -2 -1 0
485 -8192 -29 -2 -2 0
487 -8191 -32 -2 -2 0
484 -8192 -37 -2 -2 0
480 -8192 -38 -2 -2 0
473 -8190 -34 -2 -2 0
466 -8188 -29 -2 -2 0
461 -8190 -23 -2 -2 0
459 -8191 -22 -2 -1 0
461 -8189 -24 -2 -1 0
465 -8190 -27 -2 -1 0
476 -8190 -29 -2 -1 0
485 -8190 -33 -2 0 0
493 -8190 -38 -2 0 0
493 -8188 -45 -2 -1 0
490 -8185 -49 -2 -1 0
488 -8184 -52 -2 -1 0
487 -8183 -57 -2 -1 0
491 -8184 -64 -2 -2 0
493 -8185 -71 -2 -2 0
493 -8183 -73 -2 -2 0
495 -8185 -71 -2 -2 0
496 -8184 -67 -2 -2 0
496 -8185 -59 -2 -2 0
495 -8184 -53 -2 -1 0
488 -8185 -53 -2 -1 0
481 -8185 -52 -2 -1 0
475 -8187 -53 -2 -1 0
473 -8191 -52 -2 -1 0
478 -8191 -53 -2 -1 0
483 -8190 -53 -2 -1 0
490 -8189 -57 -2 -1 0
497 -8190 -61 -2 -2 0
501 -8189 -64 -2 -2 0
500 -8190 -66 -2 -2 0
497 -8191 -66 -2 -2 0
486 -8191 -65 -2 -2 0
479 -8191 -60 -2 -2 0
472 -8191 -52 -2 -2 0
473 -8190 -50 -2 -2 0
475 -8188 -48 -2 -3 0
476 -8189 -44 -2 -3 0
479 -8191 -42 -2 -3 0
483 -8193 -38 -2 -3 0
483 -8196 -33 -2 -2 0
483 -8194 -25 -2 -2 0
480 -8194 -13 -2 -2 0
475 -8191 -7 -2 -2 0
469 -8187 -3 -2 -2 0
470 -8186 2 -2 -2 0
474 -8185 3 -2 -2 0
478 -8185 -2 -2 -1 0
485 -8186 -9 -2 -1 0
492 -8186 -11 -2 -2 0
492 -8186 -14 -2 -2 0
489 -8185 -17 -2 -2 0
481 -8186 -13 -2 -2 0
475 -8185 -10 -2 -2 0
471 -8184 -6 -2 -2 0
466 -8183 -5 -2 -2 0
461 -8177 -5 -2 -2 0
462 -8175 -6 -2 -2 0
466 -8177 -4 -2 -2 0
471 -8177 -3 -2 -2 0
471 -8180 2 -2 -2 0
469 -8177 1 -2 -2 0
465 -8176 7 -2 -1 0
463 -8176 11 -2 -1 0
460 -8179 11 -2 -1 0
461 -8180 12 -2 -1 0
465 -8181 8 -2 -1 0
472 -8183 5 -2 -1 0
475 -8182 0 -2 -1 0
474 -8183 -7 -2 -1 0
476 -8185 -9 -2 -1 0
475 -8183 -11 -2 -1 0
467 -8186 -14 -2 -1 0
453 -8184 -19 -2 -1 0
439 -8184 -24 -2 -2 0
429 -8183 -27 -2 -2 0
424 -8182 -29 -2 -2 0
423 -8180 -32 -2 -1 0
429 -8178 -37 -2 -1 0
434 -8178 -38 -2 -1 0
442 -8180 -43 -2 -2 -1
449 -8183 -52 -2 -2 -1
453 -8184 -63 -2 -2 -1
457 -8186 -67 -2 -1 -1
459 -8185 -68 -2 -1 -1
459 -8186 -71 -2 -1 -1
463 -8186 -75 -2 -1 -1
468 -8187 -84 -2 -2 0
476 -8189 -94 -2 -2 0
484 -8189 -98 -2 -2 0
492 -8188 -106 -2 -3 0
500 -8186 -105 -2 -3 0
504 -8187 -98 -2 -3 0
502 -8188 -91 -2 -2 0
499 -8189 -80 -2 -2 0
495 -8187 -71 -2 -2 0
493 -8188 -69 -2 -2 0
492 -8186 -71 -2 -2 0
492 -8186 -68 -2 -2 0
496 -8184 -69 -2 -2 0
500 -8185 -72 -2 -1 0
504 -8185 -72 -2 -1 0
510 -8187 -73 -2 -1 0
512 -8187 -70 -2 -1 0
507 -8185 -65 -2 -2 0
503 -8185 -65 -2 -2 0
500 -8188 -62 -2 -2 0
494 -8187 -59 -2 -2 0
490 -8189 -61 -2 -2 0
488 -8189 -62 -2 -2 0
487 -8188 -55 -2 -2 0
489 -8187 -48 -2 -2 0
491 -8187 -41 -2 -2 0
492 -8184 -35 -2 -2 0
493 -8183 -31 -2 -2 0
494 -8182 -27 -2 -2 0
498 -8182 -26 -2 -2 0
503 -8182 -27 -2 -1 0
508 -8182 -27 -2 -1 0
514 -8183 -26 -2 -1 0
516 -8183 -20 -2 -1 0
520 -8183 -17 -2 -1 0
524 -8184 -17 -2 -1 0
530 -8183 -25 -2 -1 0
529 -8185 -30 -2 -1 0
526 -8185 -33 -2 -1 0
523 -8186 -36 -2 -1 0
520 -8185 -38 -2 -2 0
517 -8184 -37 -2 -2 0
516 -8185 -42 -2 -2 0
513 -8185 -38 -2 -2 0
510 -8183 -37 -2 -2 0
504 -8183 -37 -2 -2 0
496 -8185 -32 -2 -2 0
490 -8188 -27 -2 -2 0
482 -8186 -24 -2 -2 0
474 -8186 -20 -2 -1 0
467 -8189 -16 -2 -1 0
458 -8190 -15 -2 -1 0
452 -8189 -14 -2 -1 0
443 -8187 -11 -2 -1 0
434 -8185 -7 -2 -1 0
428 -8187 -2 -2 -2 0
423 -8189 2 -2 -2 0
417 -8188 5 -2 -3 0
411 -8188 3 -2 -3 0
408 -8186 3 -2 -3 0
405 -8183 3 -2 -3 -1
404 -8183 6 -2 -3 -1
405 -8186 9 -2 -3 -1
405 -8189 15 -2 -3 -1
405 -8190 21 -2 -2 -1
406 -8188 27 -2 -2 -1
407 -8187 30 -2 -2 -1
404 -8188 29 -2 -1 -1
406 -8187 32 -2 -1 -1
408 -8190 30 -2 -1 -1
414 -8192 25 -2 -1 -1
425 -8193 20 -2 -2 -1
435 -8195 17 -2 -2 -1
446 -8197 10 -2 -2 -1
457 -8197 7 -2 -2 -1
465 -8196 0 -2 -3 -1
468 -8195 -5 -2 -3 -1
472 -8195 -13 -2 -3 -1
476 -8193 -28 -2 -3 -1
480 -8193 -41 -2 -2 -1
492 -8194 -61 -2 -2 -1
512 -8192 -83 -2 -2 -1
533 -8191 -108 -2 -2 -1
549 -8189 -134 -2 -2 -1
557 -8187 -160 -2 -2 -1
549 -8188 -180 -2 -2 -1
532 -8184 -189 -1 -1 -1
514 -8184 -191 -1 0 0
501 -8183 -187 -1 1 0
499 -8185 -188 -1 2 0
509 -8188 -198 -1 3 0
535 -8186 -225 -1 3 0
569 -8182 -262 -1 2 0
601 -8182 -306 -1 1 0
627 -8182 -344 -1 0 0
638 -8180 -371 -1 -2 0
622 -8180 -378 -1 -3 0
587 -8181 -360 0 -5 0
541 -8181 -322 0 -5 0
499 -8183 -269 0 -6 0
469 -8184 -208 0 -6 0
463 -8182 -151 0 -6 0
484 -8183 -101 0 -5 0
520 -8184 -60 0 -5 0
565 -8186 -33 0 -5 0
598 -8187 -5 0 -5 0
610 -8190 26 -1 -5 -1
595 -8191 64 -1 -5 -1
559 -8192 108 -1 -5 -1
504 -8190 153 -1 -5 -1
446 -8189 194 -1 -4 0
390 -8191 224 -1 -3 0
351 -8190 242 -1 -1 0
338 -8189 246 -1 1 0
354 -8198 236 -1 2 0
373 -8270 237 -1 2 0
428 -8429 232 -1 3 0
553 -8639 198 -1 6 0
717 -8878 161 -2 9 0
888 -9155 118 -2 10 0
1024 -9464 103 -2 9 0
1129 -9789 83 -2 9 0
1202 -10105 78 -2 8 0
1258 -10403 45 -2 8 0
1301 -10664 15 -2 8 1
1345 -10873 -11 -2 9 1
1368 -11020 -20 -1 10 1
1363 -11100 -25 -1 9 1
1319 -11119 -25 -1 9 1
1252 -11081 -36 -1 10 2
1176 -10994 -55 -1 12 2
1102 -10861 -77 -1 13 2
1040 -10686 -89 -1 14 2
986 -10466 -94 0 13 2
930 -10210 -89 0 11 2
862 -9932 -81 0 9 2
779 -9635 -67 0 7 2
685 -9321 -43 0 6 2
595 -8988 -10 1 5 2
525 -8644 32 1 5 1
473 -8295 83 1 6 1
427 -7949 135 1 6 1
371 -7604 181 0 5 1
306 -7259 214 0 4 1
238 -6916 244 0 2 0
175 -6586 269 0 1 0
128 -6263 298 0 0 0
96 -5953 331 0 0 0
63 -5658 363 -1 1 -1
26 -5381 387 -1 2 -1
-20 -5116 403 -1 4 -1
-70 -4866 415 -2 5 -2
-111 -4620 425 -2 5 -2
-148 -4375 426 -2 5 -2
-176 -4133 432 -2 4 -3
-205 -3902 441 -3 2 -3
-243 -3686 461 -3 1 -4
-291 -3485 482 -3 -1 -5
-339 -3294 503 -4 -2 -5
-380 -3119 519 -4 -3 -6
-408 -2960 528 -5 -2 -6
-427 -2823 540 -5 -2 -7
-446 -2718 567 -6 -1 -8
-474 -2649 602 -7 0 -9
-495 -2626 634 -7 2 -9
-492 -2662 638 -8 3 -10
-446 -2769 611 -8 5 -11
-359 -2961 555 -9 6 -11
-237 -3244 481 -9 7 -12
-102 -3631 409 -10 9 -13
41 -4124 329 -10 11 -13
207 -4727 222 -10 14 -14
425 -6392 -62 -9 18 -14
1055 -5293 112 -11 64 -17
-242 -6877 -159 -7 37 -9
867 -6056 -233 -3 -58 -6
627 -7203 -57 1 -50 14
318 -8514 12 -1 -25 4
113 -9511 -171 -2 46 -1
1105 -9934 -251 -2 71 -6
1583 -10191 -391 -2 46 -2
1531 -10441 -488 -1 -6 0
1108 -10660 -683 0 -7 0
789 -10715 -846 1 8 0
618 -10614 -949 1 8 1
784 -10484 -884 2 2 2
1150 -10339 -671 3 -1 3
1311 -10141 -556 4 -10 3
1336 -9956 -502 5 -15 2
1239 -9750 -502 5 -11 3
1128 -9490 -476 5 -5 3
1078 -9149 -569 5 -3 3
1072 -8745 -581 5 -4 3
1079 -8295 -496 5 -6 3
1148 -7827 -317 5 -13 3
1065 -7344 -139 5 -21 3
909 -6842 2 5 -28 4
761 -6314 126 5 -29 4
583 -5760 214 5 -27 4
413 -5196 321 4 -25 4
259 -4652 507 3 -22 4
162 -4139 699 3 -18 4
119 -3663 875 2 -15 3
31 -3225 964 1 -13 3
-44 -2829 1007 0 -11 3
-107 -2463 1006 -1 -8 2
-153 -2136 1031 -2 -6 1
-160 -1859 1022 -4 -4 1
-81 -1631 1047 -5 0 0
31 -1454 1013 -7 4 -1
-159 -1343 1166 -7 5 -1
-423 -1333 1285 -8 2 -1
-556 -1413 1266 -8 7 -1
-465 -1515 1176 -9 19 -1
-118 -1632 970 -10 29 -2
305 -2357 725 -10 34 -4
925 -4116 765 -8 45 -5
713 -4491 738 -11 69 -7
2014 -3816 696 -6 -30 0
1676 -3967 800 -2 -69 13
655 -4337 821 -3 -66 12
393 -4747 699 -5 24 5
802 -5194 647 -6 77 0
1286 -5603 530 -7 51 -3
1537 -5947 320 -8 14 -4
1481 -6247 228 -7 -2 -4
1106 -6521 217 -6 0 -5
594 -6750 252 -5 4 -5
162 -6958 241 -4 6 -3
-313 -7145 202 -3 -1 -1
-558 -7300 18 -3 -3 1
-512 -7430 -197 -3 6 2
-183 -7538 -397 -4 11 3
244 -7619 -546 -4 13 2
719 -7689 -565 -4 11 0
1010 -7750 -580 -4 6 -1
1092 -7803 -612 -3 0 -2
990 -7855 -591 -3 -4 -3
772 -7900 -604 -2 -6 -3
466 -7943 -640 -2 -7 -2
194 -7984 -699 -2 -7 -1
37 -8017 -771 -2 -5 0
82 -8042 -803 -2 -4 1
289 -8060 -787 -2 -3 1
556 -8071 -735 -2 -5 0
807 -8081 -642 -1 -7 -1
915 -8092 -574 -1 -10 -2
861 -8102 -514 0 -12 -2
691 -8119 -465 0 -12 -3
429 -8133 -481 0 -11 -2
185 -8147 -500 0 -10 -1
58 -8159 -506 0 -7 0
64 -8166 -512 0 -5 0
206 -8165 -476 -1 -4 0
438 -8166 -401 0 -4 0
654 -8162 -331 0 -6 -1
797 -8160 -237 0 -8 -2
826 -8163 -166 0 -11 -2
725 -8167 -131 1 -14 -3
549 -8175 -103 0 -14 -2
373 -8186 -80 0 -13 -2
250 -8192 -58 0 -12 -1
242 -8193 0 0 -10 0
344 -8190 68 0 -9 0
514 -8188 145 -1 -9 0
695 -8182 225 0 -10 -1
820 -8182 285 0 -11 -1
848 -8182 313 0 -12 -2
782 -8187 334 0 -12 -2
646 -8190 327 -1 -11 -2
493 -8194 321 -1 -9 -1
388 -8197 332 -1 -7 -1
363 -8198 345 -1 -6 0
431 -8195 376 -1 -4 0
565 -8191 409 -2 -4 0
713 -8188 416 -1 -4 0
833 -8185 421 -1 -5 -1
888 -8183 408 -1 -6 -1
861 -8183 372 -1 -7 -2
778 -8186 351 -2 -8 -1
664 -8191 334 -2 -8 -1
573 -8194 337 -2 -6 0
538 -8195 380 -2 -5 0
564 -8191 438 -3 -3 0
643 -8186 490 -3 -3 0
736 -8183 538 -3 -2 0
809 -8181 542 -2 -2 0
838 -8180 520 -2 -2 -1
813 -8181 479 -3 -2 -1
738 -8183 424 -3 -2 -1
653 -8182 376 -3 -2 0
583 -8183 354 -3 -2 0
556 -8180 343 -3 -2 0
578 -8181 346 -3 -2 0
637 -8179 353 -3 -2 0
716 -8176 345 -3 -1 0
778 -8176 322 -3 -1 0
796 -8173 283 -3 -2 0
774 -8170 231 -3 -2 0
712 -8173 176 -3 -2 0
631 -8175 136 -3 -2 0
568 -8177 115 -4 -1 0
535 -8182 108 -4 0 0
544 -8182 113 -4 1 1
593 -8180 126 -4 1 1
636 -8180 128 -3 0 0
676 -8177 123 -3 1 0
693 -8176 113 -3 2 0
668 -8179 86 -3 2 0
620 -8180 60 -3 3 0
563 -8185 42 -4 3 0
513 -8183 27 -4 3 0
491 -8181 33 -4 3 0
497 -8181 40 -4 3 1
531 -8180 45 -3 3 1
577 -8176 55 -3 3 0
614 -8177 49 -3 3 0
630 -8177 29 -3 3 0
626 -8177 8 -3 3 0
596 -8179 -23 -3 3 0
552 -8182 -49 -3 3 0
520 -8181 -55 -3 3 0
502 -8182 -59 -3 3 0
508 -8181 -56 -3 3 1
538 -8179 -56 -3 3 1
573 -8177 -68 -3 3 0
614 -8177 -77 -3 3 0
638 -8179 -92 -3 3 0
636 -8180 -117 -3 3 0
619 -8183 -131 -3 3 0
587 -8186 -145 -3 3 0
553 -8185 -153 -3 3 0
533 -8187 -148 -3 4 0
530 -8185 -147 -3 3 0
537 -8181 -142 -3 3 0
555 -8179 -133 -2 3 0
575 -8178 -137 -2 2 0
590 -8177 -143 -2 2 0
587 -8178 -148 -2 1 0
566 -8180 -155 -2 0 0
543 -8179 -151 -2 0 0
516 -8179 -141 -2 -1 0
490 -8179 -128 -2 -1 0
482 -8179 -103 -2 -1 0
486 -8181 -83 -2 0 0
499 -8179 -73 -2 0 0
521 -8179 -58 -2 0 0
533 -8182 -56 -2 -1 0
537 -8182 -53 -2 -1 0
532 -8183 -34 -2 -1 0
514 -8185 -16 -2 -1 0
494 -8188 11 -2 -1 0
478 -8190 45 -2 0 0
467 -8190 74 -2 0 0
466 -8190 103 -2 0 0
472 -8189 121 -2 0 0
476 -8188 125 -2 0 0
480 -8190 120 -2 0 0
479 -8191 112 -2 0 0
474 -8191 109 -2 0 0
466 -8189 108 -3 0 0
458 -8186 113 -3 0 0
458 -8184 119 -3 0 0
461 -8185 128 -3 0 0
464 -8185 135 -3 0 0
473 -8186 131 -3 0 0
484 -8188 122 -3 0 0
495 -8190 103 -3 0 0
507 -8193 83 -3 1 0
509 -8192 59 -3 1 0
512 -8193 41 -3 1 0
513 -8194 32 -3 0 0
511 -8193 28 -3 0 0
514 -8190 21 -3 0 0
520 -8189 11 -3 0 0
524 -8187 1 -2 0 0
529 -8187 -15 -2 0 0
527 -8185 -35 -2 0 0
524 -8182 -55 -2 0 0
520 -8180 -71 -2 -1 0
513 -8179 -88 -2 -1 0
506 -8179 -103 -2 -1 0
500 -8178 -108 -2 -1 0
494 -8177 -116 -2 -2 0
494 -8177 -118 -2 -2 0
495 -8178 -119 -2 -2 0
492 -8177 -125 -2 -2 0
490 -8175 -125 -2 -2 0
488 -8178 -118 -2 -3 0
477 -8180 -121 -2 -3 -1
470 -8181 -120 -2 -3 0
465 -8179 -116 -2 -3 0
464 -8179 -117 -2 -3 0
466 -8179 -109 -2 -3 0
470 -8179 -101 -2 -3 0
473 -8179 -93 -2 -3 -1
477 -8184 -82 -2 -3 -1
476 -8183 -75 -2 -3 -1
475 -8184 -74 -2 -3 -1
474 -8186 -66 -2 -3 -1
472 -8187 -62 -2 -3 -1
471 -8188 -61 -2 -3 -1
474 -8188 -54 -2 -4 -1
480 -8188 -47 -2 -4 -1
489 -8186 -35 -2 -3 -1
497 -8186 -22 -2 -3 -1
499 -8184 -17 -2 -4 -1
495 -8183 -6 -2 -4 -1
491 -8179 3 -2 -4 -1
487 -8178 4 -2 -4 -1
491 -8179 10 -2 -3 -1
495 -8179 11 -2 -3 -1
503 -8181 10 -2 -3 -1
515 -8180 13 -2 -3 -1
519 -8182 16 -2 -4 -1
519 -8183 22 -2 -3 -1
520 -8181 32 -2 -3 -1
519 -8178 37 -2 -3 -1
520 -8179 43 -2 -2 -1
525 -8178 45 -2 -2 -1
530 -8180 34 -2 -2 -1
540 -8181 23 -2 -2 -1
546 -8179 11 -2 -2 -1
549 -8180 1 -2 -2 -1
550 -8178 -2 -2 -2 -1
546 -8180 5 -2 -2 -1
541 -8180 16 -2 -2 -1
541 -8178 27 -2 -2 -1
544 -8181 34 -2 -2 -1
549 -8181 31 -2 -3 -1
560 -8181 28 -1 -3 -1
570 -8181 22 -1 -4 -1
578 -8185 16 -2 -4 -1
580 -8187 23 -2 -4 -1
574 -8188 37 -2 -3 -1
561 -8188 61 -2 -3 -1
551 -8188 88 -2 -3 -1
544 -8186 106 -2 -3 -1
542 -8188 117 -2 -3 -1
548 -8187 112 -2 -3 -1
560 -8186 102 -2 -3 -1
570 -8186 87 -2 -3 -1
573 -8189 76 -2 -2 -1
577 -8188 74 -2 -2 -1
576 -8186 81 -2 -2 -1
571 -8186 98 -2 -2 -1
569 -8185 116 -2 -2 -1
567 -8187 125 -2 -2 -1
573 -8184 127 -2 -2 0
585 -8185 119 -2 -2 0
596 -8185 99 -2 -3 0
604 -8186 84 -2 -3 0
607 -8188 72 -2 -3 -1
605 -8188 72 -2 -3 0
598 -8186 88 -2 -2 0
591 -8185 111 -2 -2 0
584 -8182 132 -2 -2 0
582 -8180 144 -2 -2 0
580 -8179 137 -2 -2 0
580 -8178 120 -2 -2 0
582 -8179 103 -2 -2 0
579 -8180 85 -2 -2 0
576 -8180 80 -2 -1 0
577 -8181 87 -2 -1 0
575 -8178 100 -2 -2 0
571 -8179 117 -2 -2 0
569 -8181 123 -2 -2 0
570 -8182 115 -2 -2 0
573 -8183 99 -2 -2 0
574 -8184 83 -2 -2 0
568 -8183 62 -2 -2 0
563 -8184 54 -2 -2 0
553 -8184 53 -2 -1 0
545 -8188 64 -2 -1 0
543 -8188 84 -2 -1 0
540 -8187 93 -2 -1 0
542 -8191 92 -2 -1 0
542 -8194 85 -2 -1 0
540 -8195 63 -2 -2 0
538 -8193 38 -2 -2 0
539 -8190 19 -2 -2 0
538 -8188 13 -2 -2 0
539 -8188 19 -2 -2 0
540 -8188 25 -2 -2 0
540 -8186 38 -2 -2 0
543 -8185 48 -2 -2 0
546 -8189 52 -2 -2 0
549 -8188 40 -2 -2 0
554 -8190 23 -2 -2 0
556 -8189 7 -2 -2 0
554 -8186 -1 -2 -2 0
548 -8187 -1 -2 -2 0
540 -8186 5 -2 -1 0
539 -8185 15 -2 -1 0
539 -8184 24 -2 -1 0
544 -8183 26 -2 -1 0
553 -8181 17 -2 -1 0
564 -8180 6 -2 -1 0
575 -8182 -7 -2 -1 0
579 -8186 -21 -2 -1 0
578 -8186 -27 -2 -2 0
578 -8185 -30 -2 -2 0
574 -8185 -22 -2 -2 0
570 -8187 -12 -2 -2 0
568 -8185 1 -2 -2 0
562 -8184 10 -2 -2 0
558 -8182 13 -2 -2 0
552 -8180 9 -2 -2 0
547 -8179 -2 -2 -2 0
541 -8180 -8 -2 -1 0
534 -8180 -11 -2 -1 0
526 -8180 -8 -2 -1 0
514 -8181 3 -2 -1 0
510 -8183 16 -2 -1 0
506 -8185 23 -2 -1 0
506 -8182 24 -2 -1 0
504 -8182 21 -2 -1 0
505 -8182 8 -2 -1 0
506 -8186 -4 -2 -1 0
504 -8186 -12 -2 -2 0
495 -8184 -22 -2 -2 0
487 -8185 -19 -2 -3 0
478 -8185 -13 -2 -3 0
470 -8185 -5 -2 -2 0
466 -8183 11 -2 -2 0
467 -8183 18 -2 -2 0
473 -8182 19 -2 -3 0
481 -8183 16 -2 -3 0
488 -8184 12 -2 -3 0
492 -8185 9 -2 -2 -1
497 -8184 2 -2 -2 -1
501 -8185 10 -2 -2 -1
507 -8184 19 -2 -2 -1
514 -8183 29 -2 -2 -1
521 -8184 36 -2 -3 -1
532 -8185 40 -2 -3 0
543 -8185 36 -2 -4 -1
546 -8183 32 -2 -4 -1
550 -8182 37 -2 -4 -1
545 -8181 40 -2 -3 -1
536 -8181 47 -2 -3 -1
528 -8180 63 -2 -3 -1
526 -8179 76 -2 -3 -1
526 -8178 82 -2 -3 -1
529 -8178 80 -2 -3 0
532 -8178 73 -2 -3 -1
538 -8180 65 -2 -3 -1
543 -8181 55 -2 -3 -1
541 -8181 52 -2 -3 -1
538 -8181 54 -2 -2 -1
536 -8182 61 -2 -2 0
537 -8182 75 -2 -2 0
547 -8183 82 -2 -2 0
560 -8182 85 -2 -2 0
574 -8182 83 -2 -2 0
587 -8181 81 -2 -2 0
595 -8185 74 -2 -2 0
596 -8185 73 -2 -1 0
590 -8186 75 -2 -1 -1
583 -8187 83 -2 -1 0
574 -8188 95 -2 -1 0
572 -8187 108 -2 -1 0
576 -8188 115 -2 -1 0
583 -8188 118 -2 -1 0
592 -8187 114 -2 -1 0
598 -8185 108 -2 -1 0
597 -8184 101 -2 -1 0
588 -8183 96 -2 -1 0
579 -8184 96 -2 -1 0
572 -8184 99 -2 -1 0
570 -8185 102 -2 -1 0
572 -8184 104 -2 -1 0
578 -8186 105 -2 -1 0
588 -8186 101 -2 -1 0
595 -8188 87 -2 -1 0
598 -8188 76 -2 -1 0
596 -8186 75 -2 -1 0
586 -8183 75 -2 -1 0
571 -8181 75 -2 -1 0
561 -8181 79 -2 -1 0
555 -8181 83 -2 -1 0
553 -8183 80 -2 -1 0
554 -8185 81 -2 -1 0
557 -8186 76 -2 -1 0
559 -8187 69 -2 -1 0
561 -8187 63 -2 -1 0
557 -8187 56 -2 -1 0
551 -8183 57 -2 -1 0
541 -8183 59 -2 -1 0
534 -8181 59 -2 -1 0
528 -8180 60 -2 -1 0
522 -8177 59 -2 -1 0
524 -8174 53 -2 -1 0
530 -8176 48 -2 -1 0
534 -8176 44 -2 -1 0
529 -8178 44 -2 -1 0
520 -8181 47 -2 -1 0
508 -8182 46 -2 -1 0
500 -8184 43 -2 -1 0
491 -8183 38 -2 -1 0
483 -8181 31 -2 -1 0
485 -8180 25 -2 -1 0
493 -8178 16 -2 -1 0
496 -8179 5 -2 -1 0
502 -8182 -2 -2 -1 0
507 -8183 -11 -2 -1 0
508 -8182 -17 -2 -1 0
505 -8185 -15 -2 -2 0
498 -8185 -15 -2 -2 0
492 -8186 -15 -2 -2 0
490 -8189 -17 -2 -2 0
488 -8189 -19 -2 -2 0
492 -8188 -21 -2 -2 0
495 -8191 -21 -2 -2 -1
495 -8190 -20 -2 -2 -1
496 -8187 -19 -2 -2 -1
497 -8186 -14 -2 -2 -1
499 -8185 -14 -2 -2 -1
499 -8185 -13 -2 -3 -1
498 -8186 -10 -2 -3 -1
501 -8184 -7 -2 -3 -1
502 -8183 -5 -2 -3 -1
508 -8182 -1 -2 -3 -1
513 -8181 2 -2 -3 -1
519 -8180 5 -2 -3 -1
523 -8180 9 -2 -3 -1
524 -8180 16 -2 -3 -1
524 -8180 24 -2 -3 -1
524 -8182 24 -2 -3 -1
528 -8181 24 -2 -3 -1
532 -8184 24 -2 -3 -1
539 -8188 23 -2 -3 -1
544 -8187 23 -2 -3 -1
547 -8187 31 -2 -3 -1
553 -8189 41 -2 -3 -1
558 -8186 51 -2 -3 -1
560 -8184 62 -2 -3 -1
561 -8182 67 -2 -3 -1
563 -8180 69 -2 -3 -1
567 -8180 68 -2 -3 -1
573 -8181 62 -2 -3 -1
577 -8183 62 -2 -3 -1
582 -8182 68 -2 -3 -1
589 -8180 75 -2 -3 -1
591 -8181 85 -2 -3 -1
588 -8181 91 -2 -3 -1
583 -8182 98 -2 -3 -1
575 -8183 102 -2 -3 -1
571 -8184 103 -2 -3 0
569 -8184 99 -2 -2 0
572 -8184 97 -2 -2 0
580 -8184 95 -2 -2 0
590 -8183 94 -2 -2 0
595 -8185 92 -2 -2 0
594 -8186 94 -2 -2 0
594 -8185 96 -2 -2 0
591 -8183 99 -2 -2 0
585 -8184 100 -2 -2 0
576 -8181 101 -2 -2 0
569 -8180 100 -2 -2 0
562 -8180 99 -2 -1 0
556 -8183 96 -2 -1 0
556 -8186 95 -2 -1 0
559 -8184 98 -2 -1 0
561 -8182 96 -2 -1 0
556 -8181 92 -2 -1 0
555 -8180 83 -2 -1 0
554 -8177 77 -2 -1 0
555 -8174 75 -2 -1 0
552 -8175 73 -2 -1 0
553 -8174 65 -2 -1 0
556 -8176 63 -2 -1 0
559 -8175 64 -2 -1 0
560 -8176 63 -2 -1 0
556 -8177 66 -2 -1 0
556 -8176 66 -2 -1 0
556 -8177 64 -2 -1 0
557 -8177 62 -2 -1 0
556 -8178 56 -2 -2 0
557 -8179 49 -2 -2 0
563 -8180 44 -2 -2 0
573 -8180 40 -2 -2 0
578 -8182 35 -2 -2 0
580 -8181 35 -2 -2 0
577 -8180 37 -2 -2 0
570 -8179 33 -2 -2 0
564 -8179 30 -2 -2 0
555 -8179 32 -2 -2 0
550 -8180 31 -2 -1 0
549 -8181 26 -2 -1 0
551 -8180 22 -2 -1 0
555 -8180 12 -2 -1 0
560 -8183 9 -2 -1 0
560 -8184 5 -2 -1 0
560 -8185 5 -2 -1 0
552 -8184 4 -2 -1 0
543 -8184 4 -2 -1 0
535 -8187 3 -2 -1 0
533 -8188 1 -2 -1 0
536 -8190 0 -2 -1 0
538 -8189 1 -2 -1 0
540 -8188 3 -2 -2 0
539 -8186 6 -2 -2 0
541 -8185 7 -2 -2 0
539 -8186 8 -2 -2 0
533 -8185 11 -2 -2 0
530 -8184 13 -2 -2 0
527 -8184 13 -2 -2 0
523 -8184 19 -2 -2 0
528 -8183 23 -2 -2 0
533 -8184 27 -2 -2 0
537 -8187 30 -2 -2 0
539 -8187 36 -2 -2 0
536 -8190 42 -2 -2 0
536 -8190 50 -2 -1 0
530 -8190 49 -2 -1 0
527 -8189 47 -2 -1 0
525 -8189 43 -2 -1 0
524 -8185 42 -2 -1 0
526 -8184 44 -2 -2 0
535 -8185 44 -2 -2 0
542 -8186 44 -2 -2 0
549 -8187 50 -2 -2 0
549 -8189 53 -2 -2 0
546 -8190 54 -2 -2 0
542 -8187 56 -2 -2 0
535 -8187 63 -2 -2 0
528 -8187 69 -2 -2 0
523 -8186 74 -2 -2 0
525 -8186 83 -2 -2 0
527 -8187 93 -2 -2 0
531 -8188 92 -2 -2 0
534 -8185 89 -2 -1 0
534 -8181 89 -2 -1 0
533 -8179 89 -2 -1 -1
536 -8181 88 -2 -1 -1
536 -8182 88 -2 -1 0
538 -8183 90 -2 -2 0
540 -8184 86 -2 -2 0
544 -8185 84 -2 -3 0
551 -8184 79 -2 -3 0
559 -8182 73 -2 -3 0
562 -8183 72 -2 -2 0
563 -8183 75 -2 -2 -1
560 -8181 72 -2 -2 -1
554 -8179 73 -2 -2 0
545 -8178 76 -2 -2 0
542 -8178 72 -2 -2 0
541 -8179 73 -2 -2 0
542 -8180 72 -2 -1 0
543 -8181 70 -2 -1 0
543 -8183 69 -2 -1 0
551 -8185 65 -2 -1 0
558 -8188 67 -2 -1 0
561 -8189 64 -2 -1 0
561 -8188 57 -2 -1 0
560 -8189 49 -2 -1 0
557 -8188 44 -2 -1 0
552 -8189 43 -2 -1 0
553 -8187 44 -2 -1 0
555 -8188 50 -2 -1 0
558 -8188 51 -2 -1 0
562 -8187 48 -2 -2 0
564 -8188 47 -2 -1 0
562 -8188 45 -2 -1 0
561 -8184 44 -2 -1 -1
556 -8185 42 -2 -1 0
551 -8182 41 -2 -1 0
550 -8182 49 -2 -1 0
550 -8183 53 -2 -1 0
558 -8187 53 -2 -1 0
567 -8187 50 -2 -1 0
572 -8188 45 -2 -1 0
575 -8188 38 -2 -1 0
576 -8188 30 -2 -2 0
571 -8188 25 -2 -2 0
562 -8187 27 -2 -2 0
556 -8187 28 -2 -2 0
551 -8189 37 -2 -2 0
548 -8187 41 -2 -2 0
552 -8188 44 -2 -2 0
561 -8191 42 -2 -2 0
569 -8191 44 -2 -2 0
572 -8188 42 -2 -2 0
575 -8186 39 -2 -2 0
572 -8186 42 -2 -2 0
563 -8187 47 -2 -2 0
554 -8187 53 -2 -2 0
551 -8185 60 -2 -1 0
549 -8186 64 -2 -1 0
549 -8183 70 -2 -1 0
553 -8181 64 -2 -2 0
553 -8179 62 -2 -2 0
558 -8178 57 -2 -2 0
561 -8177 52 -2 -2 0
560 -8175 48 -2 -2 0
558 -8178 47 -2 -2 0
551 -8182 49 -2 -2 0
545 -8185 53 -2 -2 0
545 -8188 54 -2 -2 0
544 -8186 52 -2 -2 0
544 -8184 52 -2 -2 0
548 -8183 53 -2 -1 0
550 -8182 53 -2 -1 0
551 -8185 55 -2 -1 0
556 -8186 56 -2 -1 0
560 -8185 55 -2 -1 0
562 -8188 58 -2 -2 0
562 -8187 58 -2 -2 0
559 -8185 58 -2 -2 0
557 -8184 58 -2 -2 0
551 -8183 60 -2 -1 0
547 -8183 60 -2 -1 0
545 -8185 60 -2 -1 0
544 -8185 58 -2 -1 0
550 -8186 53 -2 -1 0
558 -8186 50 -2 -2 0
566 -8184 48 -2 -2 0
575 -8184 45 -2 -2 0
578 -8180 45 -2 -2 0
575 -8178 49 -2 -2 0
568 -8178 54 -2 -1 0
558 -8180 58 -2 -1 0
550 -8180 59 -2 -1 0
550 -8184 57 -2 -1 0
553 -8186 52 -2 -1 0
557 -8186 42 -2 -1 0
566 -8186 29 -2 -1 0
573 -8185 15 -2 -2 0
572 -8186 8 -2 -2 0
567 -8185 12 -2 -2 0
563 -8183 21 -2 -1 0
555 -8182 31 -2 -1 0
547 -8182 40 -2 -1 0
549 -8181 40 -2 -1 0
557 -8180 37 -2 -1 0
569 -8181 30 -2 -2 0
581 -8185 21 -2 -2 0
589 -8189 14 -2 -2 0
590 -8190 15 -2 -2 0
583 -8193 23 -2 -2 0
568 -8191 30 -2 -1 0
553 -8190 45 -2 -1 0
543 -8189 53 -2 -1 0
540 -8191 57 -2 -1 0
543 -8191 58 -2 -1 0
556 -8191 51 -2 -1 0
572 -8191 44 -2 -1 0
581 -8190 39 -2 -1 0
585 -8188 39 -2 -2 0
577 -8185 40 -2 -1 0
561 -8185 49 -2 -1 0
546 -8187 65 -2 -1 0
535 -8184 81 -2 -1 0
531 -8182 92 -2 -1 0
534 -8181 88 -2 -1 0
547 -8178 80 -2 -2 0
565 -8181 60 -2 -2 0
580 -8181 44 -2 -2 0
586 -8182 40 -2 -2 0
581 -8180 40 -2 -2 0
570 -8180 56 -2 -2 0
555 -8182 71 -2 -2 0
541 -8184 85 -2 -2 0
534 -8187 89 -2 -2 0
533 -8188 88 -2 -2 0
541 -8189 74 -2 -1 0
555 -8189 60 -2 -1 0
566 -8189 49 -2 -1 0
571 -8188 45 -2 -1 0
570 -8183 50 -2 -1 0
565 -8182 65 -2 -1 0
556 -8182 74 -2 -1 0
545 -8181 81 -2 -1 0
537 -8182 79 -2 -2 0
534 -8182 70 -2 -1 0
537 -8182 56 -2 -1 0
543 -8181 46 -2 -1 0
555 -8180 39 -2 -1 0
560 -8183 39 -2 -1 0
561 -8182 42 -2 -1 0
557 -8185 53 -2 -1 0
545 -8187 57 -2 -1 0
536 -8187 58 -2 -1 0
531 -8186 53 -2 -1 0
529 -8187 43 -2 -1 0
532 -8188 34 -2 -1 0
537 -8188 26 -2 -1 0
544 -8190 26 -2 -2 0
551 -8188 26 -2 -2 0
550 -8184 28 -2 -2 0
547 -8184 28 -2 -2 0
542 -8185 28 -2 -2 0
537 -8184 28 -2 -2 0
535 -8185 27 -2 -2 0
532 -8182 26 -2 -2 0
535 -8181 24 -2 -1 0
539 -8181 22 -2 -1 0
545 -8183 22 -2 -1 0
550 -8183 24 -2 -2 0
552 -8182 27 -2 -2 0
554 -8182 29 -2 -2 0
549 -8184 34 -2 -2 0
545 -8186 34 -2 -2 0
542 -8184 33 -2 -2 0
539 -8184 34 -2 -2 0
538 -8182 39 -2 -2 0
547 -8183 41 -2 -2 0
553 -8179 38 -2 -2 0
561 -8179 42 -2 -2 0
570 -8180 43 -2 -2 0
575 -8180 46 -2 -2 0
576 -8180 46 -2 -2 0
575 -8177 43 -2 -2 0
575 -8175 37 -2 -2 0
574 -8177 39 -2 -2 0
575 -8180 43 -2 -2 0
575 -8186 48 -2 -2 0
571 -8184 53 -2 -2 0
565 -8183 56 -2 -2 0
556 -8183 56 -2 -1 0
549 -8184 60 -2 -1 0
545 -8185 59 -2 -1 0
542 -8184 56 -2 -1 0
542 -8181 53 -2 -1 0
541 -8178 51 -2 -1 0
543 -8177 55 -2 -1 0
543 -8178 57 -2 -1 0
545 -8178 58 -2 -1 0
549 -8177 57 -2 -2 0
549 -8179 55 -2 -2 0
549 -8181 51 -2 -2 0
547 -8182 48 -2 -2 0
545 -8184 50 -2 -2 0
542 -8184 53 -2 -2 0
534 -8186 53 -2 -2 0
530 -8185 59 -2 -2 0
528 -8187 64 -2 -2 0
527 -8186 73 -2 -2 0
532 -8186 78 -2 -2 0
537 -8184 77 -2 -1 0
542 -8184 70 -2 -1 0
549 -8182 67 -2 -1 0
556 -8179 67 -2 -1 0
560 -8178 68 -2 -1 0
566 -8176 66 -2 -2 0
566 -8176 66 -2 -2 0
567 -8176 68 -2 -2 0
566 -8178 68 -2 -2 0
564 -8180 65 -2 -2 0
563 -8180 62 -2 -2 0
560 -8182 57 -2 -2 0
557 -8185 54 -2 -2 0
557 -8185 52 -2 -2 0
555 -8185 52 -2 -2 0
553 -8182 55 -2 -1 0
548 -8180 60 -2 -1 0
544 -8179 66 -2 -1 0
540 -8176 65 -2 -1 0
541 -8176 58 -2 -1 0
544 -8180 50 -2 -1 0
549 -8183 42 -2 -1 0
554 -8184 36 -2 -1 0
557 -8184 36 -2 -1 0
561 -8183 42 -2 -1 0
559 -8183 47 -2 -2 0
559 -8183 48 -2 -2 0
557 -8182 47 -2 -2 0
553 -8181 42 -2 -2 0
548 -8184 37 -2 -2 0
547 -8188 27 -2 -2 0
549 -8188 23 -2 -2 0
551 -8186 23 -2 -2 0
554 -8186 30 -2 -2 0
553 -8186 35 -2 -2 0
549 -8187 36 -2 -2 0
546 -8187 39 -2 -1 0
546 -8186 38 -2 -1 0
546 -8186 38 -2 -1 0
548 -8187 38 -2 -1 0
551 -8188 34 -2 -1 0
556 -8188 33 -2 -1 0
562 -8187 30 -2 -1 0
568 -8186 28 -2 -2 0
571 -8187 27 -2 -2 0
574 -8190 28 -2 -2 0
576 -8190 29 -2 -2 0
572 -8190 33 -2 -2 0
567 -8188 33 -2 -2 0
562 -8187 35 -2 -2 0
558 -8188 39 -2 -2 0
553 -8187 45 -2 -2 0
552 -8185 47 -2 -2 0
552 -8188 48 -2 -1 0
550 -8188 51 -2 -1 0
546 -8190 52 -2 -1 0
545 -8191 52 -2 -1 0
547 -8191 52 -2 -1 0
550 -8193 52 -2 -1 0
550 -8192 49 -2 -1 0
552 -8190 47 -2 -1 0
557 -8191 47 -2 -1 0
564 -8189 47 -2 -1 0
569 -8189 43 -2 -1 0
576 -8191 45 -2 -1 0
578 -8192 47 -2 -2 0
576 -8192 47 -2 -2 0
572 -8191 42 -2 -2 0
563 -8190 36 -2 -2 0
556 -8192 35 -2 -2 0
550 -8193 37 -2 -2 0
548 -8190 41 -2 -1 0
551 -8189 45 -2 -1 0
552 -8189 54 -2 -1 0
551 -8190 62 -2 -1 0
553 -8189 59 -2 -1 0
551 -8191 55 -2 0 0
553 -8190 48 -2 0 0
553 -8190 43 -2 -1 0
553 -8192 40 -2 -1 0
551 -8191 37 -2 -1 0
551 -8191 34 -2 -1 0
554 -8191 35 -2 -2 0
554 -8191 36 -2 -2 0
553 -8187 37 -2 -2 0
548 -8185 36 -2 -2 0
541 -8183 38 -2 -2 0
534 -8184 38 -2 -2 0
529 -8182 38 -2 -2 0
526 -8180 43 -2 -2 0
527 -8180 45 -2 -2 0
530 -8180 46 -2 -1 0
536 -8178 45 -2 -1 0
543 -8178 43 -2 -2 0
548 -8175 39 -2 -2 0
550 -8174 38 -2 -1 0
551 -8176 37 -2 -1 0
547 -8177 36 -2 -1 0
540 -8177 39 -2 -1 0
540 -8176 40 -2 -1 0
540 -8176 38 -2 -1 0
544 -8178 39 -2 -1 0
547 -8179 39 -2 -1 0
553 -8181 36 -2 -1 0
556 -8178 36 -2 -1 0
558 -8177 35 -2 -1 0
560 -8178 34 -2 -1 0
558 -8179 33 -2 -2 0
557 -8183 33 -2 -2 0
557 -8182 33 -2 -2 0
557 -8181 35 -2 -2 0
558 -8182 35 -2 -2 0
560 -8182 36 -2 -2 0
561 -8182 41 -2 -1 0
560 -8180 40 -2 -1 0
561 -8180 36 -2 -1 0
559 -8182 37 -2 -1 0
556 -8181 35 -2 -1 0
554 -8182 33 -2 -1 0
551 -8182 29 -2 -1 0
551 -8182 28 -2 -1 0
549 -8183 30 -2 -1 0
551 -8185 33 -2 -1 0
557 -8185 35 -2 -1 0
562 -8186 35 -2 -1 0
570 -8188 33 -2 -2 0
570 -8187 31 -2 -2 0
567 -8185 30 -2 -2 0
562 -8183 28 -2 -2 0
555 -8185 30 -2 -2 0
553 -8187 31 -2 -2 0
555 -8187 38 -2 -2 0
558 -8185 44 -2 -2 0
563 -8188 50 -2 -1 0
567 -8189 52 -2 -1 0
571 -8188 46 -2 -1 0
575 -8186 40 -2 -1 0
578 -8183 40 -2 -1 0
577 -8178 37 -2 -1 0
575 -8177 32 -2 -1 0
574 -8176 29 -2 -1 0
575 -8175 29 -2 -1 0
578 -8175 30 -2 -1 0
580 -8177 31 -2 -1 0
582 -8180 29 -2 -1 0
579 -8181 27 -2 -1 0
578 -8181 16 -2 -1 0
577 -8182 13 -2 -1 0
570 -8182 12 -2 -2 0
563 -8181 10 -2 -2 0
551 -8181 11 -2 -2 0
544 -8180 13 -2 -1 0
542 -8177 14 -2 -1 0
544 -8178 14 -2 -1 0
545 -8179 13 -2 -1 0
545 -8177 14 -2 -1 0
543 -8178 10 -2 -1 0
539 -8176 5 -2 -1 0
538 -8178 3 -2 -1 0
535 -8177 4 -2 -2 0
531 -8176 10 -2 -2 0
527 -8177 15 -2 -2 0
526 -8179 20 -2 -2 0
524 -8179 22 -2 -2 0
522 -8178 30 -2 -2 0
520 -8179 35 -2 -2 0
519 -8181 34 -2 -2 0
519 -8183 36 -2 -1 0
520 -8183 40 -2 -1 0
521 -8182 44 -2 -2 0
523 -8181 48 -2 -2 0
524 -8180 49 -2 -2 0
525 -8180 48 -2 -2 0
528 -8179 44 -2 -2 0
532 -8177 46 -2 -2 0
535 -8180 49 -2 -2 0
534 -8181 57 -2 -2 0
531 -8179 62 -2 -2 0
531 -8178 59 -2 -2 0
531 -8178 59 -2 -2 0
530 -8178 63 -2 -2 0
533 -8181 65 -2 -1 0
534 -8183 66 -2 -1 0
536 -8182 70 -2 -1 0
538 -8181 72 -2 -1 0
542 -8184 70 -2 -1 0
545 -8184 65 -2 -1 0
547 -8183 62 -2 -1 0
545 -8185 58 -2 -1 0
545 -8184 55 -2 -1 0
544 -8182 50 -2 -1 0
544 -8181 47 -2 -1 0
546 -8180 43 -2 -1 0
543 -8179 41 -2 -2 0
539 -8182 38 -2 -2 0
533 -8185 35 -2 -2 0
526 -8186 32 -2 -2 0
522 -8184 29 -2 -1 0
522 -8184 22 -2 -1 0
524 -8184 15 -2 -1 0
530 -8182 12 -2 -1 0
532 -8181 11 -2 -1 0
535 -8182 10 -2 -1 0
536 -8183 9 -2 -2 0
536 -8184 11 -2 -2 0
537 -8182 11 -2 -2 0
537 -8185 8 -2 -1 0
538 -8187 10 -2 -2 0
540 -8187 10 -2 -2 0
541 -8186 10 -2 -2 0
543 -8186 9 -2 -2 0
549 -8187 7 -2 -2 0
553 -8187 9 -2 -2 0
558 -8189 13 -2 -2 0
557 -8190 19 -2 -2 0
552 -8193 26 -2 -2 0
550 -8193 33 -2 -2 0
553 -8193 38 -2 -2 0
553 -8190 39 -2 -2 0
554 -8190 44 -2 -1 0
558 -8190 48 -2 -1 0
566 -8190 50 -2 -1 0
574 -8189 51 -2 -1 0
577 -8187 49 -2 -1 0
576 -8188 50 -2 -1 0
571 -8189 52 -2 -1 0
567 -8189 53 -2 -1 0
565 -8187 58 -2 -1 0
566 -8186 59 -2 -1 0
567 -8185 57 -2 -1 0
569 -8187 54 -2 -2 0
568 -8187 50 -2 -2 0
569 -8186 47 -2 -2 0
563 -8185 47 -2 -2 0
557 -8186 52 -2 -1 0
549 -8188 55 -2 -1 0
543 -8188 58 -2 -1 0
539 -8189 59 -2 -1 0
540 -8192 59 -2 -1 0
543 -8192 60 -2 -1 0
547 -8192 60 -2 -1 0
552 -8190 53 -2 -1 0
556 -8188 49 -2 -1 0
560 -8189 47 -2 -1 0
561 -8188 44 -2 -1 0
560 -8186 46 -2 -1 0
555 -8186 45 -2 -1 0
549 -8187 42 -2 -1 0
544 -8184 39 -2 -1 0
543 -8184 32 -2 -1 0
544 -8184 29 -2 -1 0
543 -8184 23 -2 -1 0
543 -8182 22 -2 -1 0
539 -8181 18 -2 -1 0
534 -8179 15 -2 -1 0
529 -8177 12 -2 -1 0
530 -8178 13 -2 -1 0
533 -8179 11 -2 -1 0
537 -8180 4 -2 -2 0
539 -8183 -3 -2 -2 0
543 -8183 -4 -2 -2 0
548 -8181 -7 -2 -2 0
551 -8181 -7 -2 -2 0
551 -8181 -6 -2 -2 0
552 -8180 1 -2 -2 0
550 -8181 12 -2 -2 0
545 -8182 18 -2 -2 0
538 -8183 24 -2 -1 0
530 -8183 30 -2 -1 0
527 -8183 35 -2 -1 0
528 -8185 34 -2 -1 0
528 -8185 32 -2 -1 0
531 -8185 28 -2 -1 0
536 -8184 27 -2 -1 0
540 -8185 24 -2 -1 0
544 -8186 22 -2 -1 0
544 -8183 24 -2 -1 0
537 -8185 26 -2 -1 0
530 -8189 26 -2 -1 0
524 -8190 26 -2 -1 0
521 -8188 30 -2 -1 0
520 -8186 32 -2 -2 0
522 -8185 31 -2 -2 0
525 -8186 34 -2 -2 0
524 -8186 37 -2 -2 0
523 -8186 39 -2 -1 0
519 -8185 44 -2 -1 0
512 -8184 51 -2 -1 0
505 -8183 53 -2 -1 0
500 -8184 55 -2 -1 0
498 -8182 56 -2 -1 0
504 -8180 55 -2 -1 0
512 -8181 53 -2 -1 0
519 -8182 51 -2 -1 0
525 -8183 47 -2 -1 0
533 -8183 46 -2 -2 0
539 -8185 49 -2 -2 0
544 -8184 51 -2 -2 0
547 -8186 52 -2 -2 0
549 -8190 50 -2 -2 0
549 -8192 47 -2 -2 0
551 -8194 46 -2 -2 0
552 -8194 47 -2 -2 0
554 -8195 51 -2 -1 0
557 -8194 58 -2 -1 0
558 -8191 64 -2 -1 0
557 -8190 62 -2 -1 0
555 -8190 63 -2 -1 0
553 -8192 57 -2 -1 0
553 -8192 55 -2 0 0
558 -8193 50 -2 -1 0
566 -8193 52 -2 -1 0
573 -8191 52 -2 -1 0
577 -8189 51 -2 -1 0
579 -8188 46 -2 -1 0
577 -8188 47 -2 -2 0
573 -8186 45 -2 -2 0
564 -8184 42 -2 -2 0
556 -8183 41 -2 -2 0
548 -8181 41 -2 -1 0
545 -8177 40 -2 -1 0
547 -8176 39 -2 -1 0
550 -8178 39 -2 -1 0
552 -8181 36 -2 -1 0
557 -8182 35 -2 -1 0
555 -8181 37 -2 -1 0
552 -8181 39 -2 -1 0
545 -8182 41 -2 -1 0
538 -8184 43 -2 -1 0
534 -8185 48 -2 -1 0
528 -8186 52 -2 -1 0
528 -8184 51 -2 -1 0
533 -8185 50 -2 -1 0
537 -8185 51 -2 -1 0
541 -8185 51 -2 -2 0
540 -8186 50 -2 -2 0
535 -8187 49 -2 -2 0
531 -8186 48 -2 -2 0
522 -8184 43 -2 -2 0
515 -8184 43 -2 -2 0
510 -8184 43 -2 -2 0
509 -8185 42 -2 -2 0
512 -8185 43 -2 -2 0
515 -8184 41 -2 -2 0
518 -8185 38 -2 -2 0
517 -8186 40 -2 -2 0
516 -8184 43 -2 -2 0
514 -8182 45 -2 -2 0
508 -8183 48 -2 -2 0
503 -8184 44 -2 -2 0
503 -8184 42 -2 -1 0
503 -8185 33 -2 -2 0
505 -8185 25 -2 -2 0
512 -8186 17 -2 -2 0
514 -8186 14 -2 -2 0
518 -8183 15 -2 -2 0
518 -8185 15 -2 -2 -1
516 -8180 18 -2 -2 -1
511 -8178 21 -2 -3 0
503 -8176 22 -2 -3 0
499 -8177 20 -2 -3 0
499 -8178 23 -2 -2 0
500 -8181 31 -2 -2 0
503 -8181 36 -2 -2 -1
507 -8183 42 -2 -2 -1
511 -8183 49 -2 -2 -1
515 -8185 53 -2 -2 0
519 -8185 55 -2 -2 0
525 -8183 56 -2 -2 0
531 -8181 54 -2 -2 0
535 -8182 50 -2 -2 -1
538 -8183 49 -2 -2 0
541 -8184 48 -2 -2 -1
543 -8184 51 -2 -2 -1
543 -8186 53 -2 -2 -1
540 -8189 59 -2 -2 -1
537 -8190 63 -2 -2 -1
528 -8189 66 -2 -2 -1
522 -8187 66 -2 -2 -1
520 -8187 64 -2 -2 0
519 -8187 60 -2 -1 0
521 -8187 56 -2 -1 0
525 -8186 52 -2 -1 0
529 -8186 50 -2 -1 0
531 -8185 47 -2 -2 -1
532 -8186 45 -2 -2 -1
533 -8184 40 -2 -2 -1
532 -8184 37 -2 -2 -1
533 -8183 33 -2 -3 -1
536 -8182 29 -2 -3 -1
540 -8180 28 -2 -3 0
543 -8183 31 -2 -3 0
547 -8183 33 -2 -3 -1
549 -8182 40 -2 -3 -1
549 -8183 47 -2 -3 -1
547 -8184 52 -2 -3 -1
548 -8186 60 -2 -3 -1
549 -8185 67 -2 -2 -1
548 -8183 71 -2 -2 -1
550 -8180 70 -2 -2 -1
557 -8182 71 -2 -2 -1
566 -8183 74 -2 -2 0
569 -8184 76 -2 -2 0
571 -8183 78 -2 -2 0
571 -8182 81 -2 -2 0
573 -8180 83 -2 -2 0
573 -8181 81 -2 -2 0
573 -8180 78 -2 -2 0
574 -8182 76 -2 -2 0
573 -8184 69 -2 -2 0
573 -8185 66 -2 -2 0
573 -8187 66 -2 -2 0
576 -8187 64 -2 -2 0
580 -8189 61 -2 -2 0
579 -8184 65 -2 -2 0
577 -8182 70 -2 -1 0
567 -8180 73 -2 -1 0
561 -8181 76 -2 -1 0
555 -8181 75 -2 -1 0
552 -8182 71 -2 -1 0
553 -8180 67 -2 -1 0
554 -8180 60 -2 -1 0
559 -8181 55 -2 -1 0
559 -8182 48 -2 -1 0
562 -8180 50 -2 -1 0
561 -8178 50 -2 -1 0
555 -8179 51 -2 -1 0
550 -8179 58 -2 -1 0
544 -8180 56 -2 -1 0
541 -8181 50 -2 -1 0
540 -8179 46 -2 -1 0
539 -8179 43 -2 -1 0
542 -8178 42 -2 -1 0
549 -8178 42 -2 -1 0
549 -8178 44 -2 -1 0
551 -8178 41 -2 -1 0
549 -8179 49 -2 -2 0
545 -8179 52 -2 -2 0
542 -8181 55 -2 -2 0
538 -8181 54 -2 -2 0
537 -8179 48 -2 -2 0
539 -8181 47 -2 -2 0
541 -8183 41 -2 -2 0
542 -8182 38 -2 -2 0
543 -8181 41 -2 -2 0
544 -8178 40 -2 -2 0
538 -8178 42 -2 -2 0
529 -8177 51 -2 -2 0
524 -8180 50 -2 -2 0
521 -8182 51 -2 -2 0
519 -8183 49 -2 -2 0
518 -8185 46 -2 -2 0
523 -8185 42 -2 -2 0
526 -8182 39 -2 -2 0
531 -8177 39 -2 -2 0
536 -8178 39 -2 -2 0
539 -8175 44 -2 -2 0
540 -8173 49 -2 -3 0
543 -8174 55 -2 -3 0
547 -8174 61 -2 -3 0
551 -8175 62 -2 -3 0
553 -8175 64 -2 -3 0
555 -8176 66 -2 -2 0
556 -8178 71 -2 -2 0
554 -8180 73 -2 -2 0
554 -8179 74 -2 -2 0
552 -8181 74 -2 -2 0
549 -8184 72 -2 -2 0
544 -8188 73 -2 -1 0
541 -8186 75 -2 -1 0
538 -8186 80 -2 -1 0
537 -8184 78 -2 -1 0
536 -8185 77 -2 -1 0
537 -8184 72 -2 -1 0
538 -8182 66 -2 -1 0
538 -8180 59 -2 -2 0
536 -8179 49 -2 -2 0
537 -8181 45 -2 -2 0
532 -8182 45 -2 -2 0
526 -8181 48 -2 -2 0
524 -8181 57 -2 -2 0
525 -8182 66 -2 -2 0
526 -8182 73 -2 -2 0
527 -8182 80 -2 -2 0
527 -8182 84 -2 -2 0
530 -8182 85 -2 -2 0
533 -8183 85 -2 -2 0
538 -8181 88 -2 -2 0
542 -8181 91 -2 -1 0
547 -8182 98 -2 -1 0
550 -8184 106 -2 -1 0
553 -8184 110 -2 -1 0
558 -8184 112 -2 -1 0
564 -8182 113 -2 -1 0
569 -8182 112 -2 -1 0
573 -8185 106 -2 -1 0
575 -8186 110 -2 -1 0
573 -8185 111 -2 -1 0
571 -8186 113 -2 -2 0
565 -8185 113 -2 -2 0
563 -8186 111 -2 -1 0
560 -8188 108 -2 -1 0
559 -8187 104 -2 -1 0
563 -8188 95 -2 -1 0
566 -8191 87 -2 -1 0
570 -8191 80 -2 -1 0
573 -8193 74 -2 -1 0
575 -8191 71 -2 -1 0
576 -8190 70 -2 -1 0
576 -8186 66 -2 -1 0
578 -8184 64 -2 -1 0
578 -8185 62 -2 -1 0
577 -8185 61 -2 -1 0
575 -8187 59 -2 -1 0
574 -8186 55 -2 -1 0
575 -8184 51 -2 -1 0
571 -8183 48 -2 -1 0
567 -8180 42 -2 -1 0
562 -8179 36 -2 -1 0
557 -8179 37 -2 -1 0
553 -8179 39 -2 -1 0
550 -8177 34 -2 -1 0
550 -8176 32 -2 -1 0
553 -8177 32 -2 -1 0
556 -8177 30 -2 -1 0
555 -8177 29 -2 -1 0
551 -8177 30 -2 -1 0
545 -8177 30 -2 -1 0
540 -8177 33 -2 -1 0
538 -8178 31 -2 -1 0
535 -8179 32 -2 -1 0
531 -8179 33 -2 -2 0
529 -8177 35 -2 -2 0
527 -8175 41 -2 -2 0
525 -8176 44 -2 -2 0
524 -8176 48 -2 -2 0
520 -8176 56 -2 -2 0
517 -8178 63 -2 -2 0
514 -8181 69 -2 -2 0
509 -8182 71 -2 -2 0
505 -8184 81 -2 -2 0
505 -8186 93 -2 -2 0
510 -8188 102 -2 -2 0
513 -8186 107 -2 -1 0
518 -8188 110 -2 -1 0
519 -8189 116 -2 -1 0
519 -8187 120 -2 -1 0
521 -8188 120 -2 -1 0
520 -8186 120 -2 -1 0
521 -8187 121 -2 -1 0
524 -8187 120 -2 -1 0
528 -8188 121 -2 -1 0
534 -8191 119 -2 -1 0
542 -8193 119 -2 -1 0
550 -8190 118 -2 -1 0
555 -8190 114 -2 -1 0
560 -8187 108 -2 -1 0
567 -8185 104 -2 -1 0
569 -8185 97 -2 -1 0
569 -8186 88 -2 -1 0
570 -8185 83 -2 -1 0
573 -8185 77 -2 -1 0
574 -8185 69 -2 -1 0
575 -8186 67 -2 -1 0
579 -8185 67 -2 -1 0
581 -8185 67 -2 -1 0
580 -8185 67 -2 0 0
581 -8185 62 -2 0 0
577 -8184 58 -2 0 0
573 -8182 53 -2 0 0
572 -8185 46 -2 0 0
573 -8184 43 -2 0 0
574 -8183 37 -2 0 0
577 -8181 28 -2 0 0
579 -8180 21 -2 0 0
577 -8181 13 -2 0 0
574 -8183 2 -2 0 0
568 -8185 -8 -2 0 0
554 -8185 -16 -2 -1 0
541 -8183 -28 -2 -1 0
521 -8184 -41 -2 -1 0
503 -8184 -46 -2 -1 0
495 -8188 -45 -2 -1 0
498 -8190 -42 -2 -1 0
512 -8190 -34 -2 -1 0
543 -8188 -18 -2 -1 0
579 -8182 -9 -2 0 0
618 -8179 -5 -2 0 0
654 -8181 -10 -2 0 0
686 -8180 -27 -2 1 0
719 -8173 -53 -2 1 0
744 -8170 -80 -2 2 0
761 -8166 -111 -2 1 0
759 -8164 -142 -2 2 0
754 -8165 -169 -2 2 0
740 -8166 -176 -1 2 0
715 -8168 -173 -1 2 0
687 -8173 -170 -1 1 1
662 -8219 -164 -1 2 1
645 -8337 -180 -1 2 1
709 -8505 -206 -1 3 0
813 -8688 -242 -1 4 0
928 -8885 -264 0 2 0
991 -9087 -265 0 0 0
1005 -9279 -245 0 -2 0
976 -9450 -204 0 -3 0
943 -9597 -162 0 -3 0
930 -9722 -120 0 -2 0
954 -9822 -80 0 -1 0
982 -9898 -38 0 0 0
1001 -9954 3 0 0 0
986 -9991 46 0 0 -1
949 -10013 81 0 0 -1
902 -10019 107 0 0 -1
868 -10011 132 -1 1 -1
854 -9985 153 -1 3 -1
857 -9937 171 -1 3 -1
853 -9859 177 -1 3 -1
831 -9746 174 -1 1 0
784 -9607 169 -1 1 0
720 -9446 162 -1 0 0
655 -9268 165 -1 -1 0
595 -9064 173 -1 -1 0
546 -8832 177 -1 -2 0
499 -8578 182 -1 -3 0
447 -8294 193 -1 -3 0
374 -7981 206 -1 -4 0
286 -7644 220 -1 -3 0
188 -7299 236 -1 -2 0
100 -6952 245 -1 -1 0
29 -6608 244 -1 0 0
-18 -6264 231 -1 1 0
-45 -5933 207 -1 2 0
-72 -5618 181 -1 1 0
-102 -5315 153 -1 0 0
-144 -5021 131 -1 -1 0
-188 -4740 119 -1 -2 0
-232 -4476 114 -1 -4 -1
-266 -4232 109 -1 -5 -1
-297 -4013 113 -1 -6 -2
-323 -3815 123 -1 -6 -2
-346 -3637 142 -2 -5 -2
-363 -3485 165 -2 -5 -3
-370 -3357 200 -2 -4 -3
-362 -3261 240 -3 -2 -4
-340 -3200 285 -3 -1 -5
-307 -3179 341 -4 -1 -5
-273 -3211 406 -4 1 -6
-231 -3308 468 -5 2 -7
-174 -3479 508 -6 4 -7
-85 -3733 512 -6 6 -8
41 -4071 476 -7 9 -8
276 -5829 320 -7 12 -9
1167 -5015 653 -8 45 -11
517 -6639 141 -6 38 -7
1159 -7357 338 -3 -49 -1
841 -7133 445 -1 -49 11
130 -7887 466 -2 -29 6
227 -8539 416 -3 34 0
749 -8674 302 -4 57 -4
1258 -8733 214 -4 25 -3
1264 -8857 194 -4 -5 -1
1051 -8956 147 -3 -5 -2
825 -8930 122 -2 10 -3
668 -8868 36 -2 8 -2
533 -8860 -157 -2 -1 -1
777 -8904 -325 -2 3 -1
1023 -8937 -424 -2 7 -1
1257 -8996 -378 -2 5 -2
1325 -9046 -306 -2 1 -2
1215 -9036 -245 -1 -2 -2
1040 -8967 -261 -1 -1 -1
929 -8864 -303 -1 -2 -1
901 -8742 -378 -1 -2 0
1034 -8593 -369 -1 -4 0
1162 -8410 -309 -1 -7 0
1235 -8201 -182 -1 -13 -1
1202 -7962 -83 0 -18 -1
1020 -7681 6 0 -19 -1
802 -7353 37 -1 -18 -1
620 -6992 124 -1 -14 0
530 -6609 194 -2 -9 0
